-1.245224043748089171e+05 -4.015695610140205245e+05 0.000000000000000000e+00
6.868674212974277907e+04 -1.951148072099909768e+05 0.000000000000000000e+00
6.599999999999238935e+04 -1.690000000000010768e+05 0.000000000000000000e+00
7.593464159699963056e+04 -1.416355530200004869e+05 0.000000000000000000e+00
7.968907188700098777e+04 -1.363249548699991428e+05 0.000000000000000000e+00
8.344350217799932580e+04 -1.310143567299990973e+05 0.000000000000000000e+00
8.454115793900025892e+04 -1.294758973299996724e+05 0.000000000000000000e+00
8.616153991200015298e+04 -1.232067679599994299e+05 0.000000000000000000e+00
8.778192188599945803e+04 -1.169376386000006460e+05 0.000000000000000000e+00
8.940230385900026886e+04 -1.106685092300001706e+05 0.000000000000000000e+00
9.102268583299992315e+04 -1.043993798700013722e+05 0.000000000000000000e+00
9.264306780699989758e+04 -9.813025050599932729e+04 0.000000000000000000e+00
9.426344977999974799e+04 -9.186112114199946518e+04 0.000000000000000000e+00
9.588383175400027540e+04 -8.559199177799993777e+04 0.000000000000000000e+00
9.791436822400051460e+04 -7.946138565200107405e+04 0.000000000000000000e+00
1.004268314300005441e+05 -7.349354271200024232e+04 0.000000000000000000e+00
1.029392946400000219e+05 -6.752569977099969401e+04 0.000000000000000000e+00
1.054517578400003404e+05 -6.155785682999974961e+04 0.000000000000000000e+00
1.079642210499989305e+05 -5.559001388899990707e+04 0.000000000000000000e+00
1.110867207799996249e+05 -4.992094640599992999e+04 0.000000000000000000e+00
1.142611662600001000e+05 -4.427732021599903965e+04 0.000000000000000000e+00
1.174356117500003311e+05 -3.863369402599697059e+04 0.000000000000000000e+00
1.206100572400007513e+05 -3.299006783699668449e+04 0.000000000000000000e+00
1.228584677300030889e+05 -2.698695016299446434e+04 0.000000000000000000e+00
1.243234173700016836e+05 -2.067968900699250662e+04 0.000000000000000000e+00
1.257883670100009767e+05 -1.437242785099002504e+04 0.000000000000000000e+00
1.272533166400024784e+05 -8.065166695384134073e+03 0.000000000000000000e+00
1.287182662800032995e+05 -1.757905539578423486e+03 0.000000000000000000e+00
1.320659074600025488e+05 3.734216248029792041e+03 0.000000000000000000e+00
1.356629282000031089e+05 9.118365439642562706e+03 0.000000000000000000e+00
1.392599489400022139e+05 1.450251463105966104e+04 0.000000000000000000e+00
1.424372890900020138e+05 2.009092298808156193e+04 0.000000000000000000e+00
1.444552582499998680e+05 2.624359892810645397e+04 0.000000000000000000e+00
1.464732273999992176e+05 3.239627486913929170e+04 0.000000000000000000e+00
1.484911965499953949e+05 3.854895080917654559e+04 0.000000000000000000e+00
1.505091656999925035e+05 4.470162674922573933e+04 0.000000000000000000e+00
1.523570535399868677e+05 5.090694393028327613e+04 0.000000000000000000e+00
1.541675437099776173e+05 5.712383592534985655e+04 0.000000000000000000e+00
1.559780338799662422e+05 6.334072792042955552e+04 0.000000000000000000e+00
1.575503925299552793e+05 6.961963493752368959e+04 0.000000000000000000e+00
1.590022719499391969e+05 7.592991756763172452e+04 0.000000000000000000e+00
1.604541513799200766e+05 8.224020019675575895e+04 0.000000000000000000e+00
1.613595922498981818e+05 8.864001178789141704e+04 0.000000000000000000e+00
1.619973317198726290e+05 9.508368380804368644e+04 0.000000000000000000e+00
1.626350711898432346e+05 1.015273558312123641e+05 0.000000000000000000e+00
1.632728106498114066e+05 1.079710278514058009e+05 0.000000000000000000e+00
1.625641876097816858e+05 1.143786587915744894e+05 0.000000000000000000e+00
1.615826243997504062e+05 1.207789833517509105e+05 0.000000000000000000e+00
1.606010611897162162e+05 1.271793079019421566e+05 0.000000000000000000e+00
1.596168249296783761e+05 1.335791992321504513e+05 0.000000000000000000e+00
1.585266173596393492e+05 1.399619155923711369e+05 0.000000000000000000e+00
1.574364097895961022e+05 1.463446319626114855e+05 0.000000000000000000e+00
1.563462022195493337e+05 1.527273483228701807e+05 0.000000000000000000e+00
1.544192594195111014e+05 1.588420041230823845e+05 0.000000000000000000e+00
1.515975784294865443e+05 1.646700172632382892e+05 0.000000000000000000e+00
1.487758974394625984e+05 1.704980304034003930e+05 0.000000000000000000e+00
1.459542164494355093e+05 1.763260435335690854e+05 0.000000000000000000e+00
1.422300548994332785e+05 1.814936216236425680e+05 0.000000000000000000e+00
1.375285581194514234e+05 1.859459860136074130e+05 0.000000000000000000e+00
1.330697440894658212e+05 1.905020395335939829e+05 0.000000000000000000e+00
1.331023624093886465e+05 1.969771114940109546e+05 0.000000000000000000e+00
1.331349807293018384e+05 2.034521834444667911e+05 0.000000000000000000e+00
1.320163878992305836e+05 2.098086927748557355e+05 0.000000000000000000e+00
1.306647240791617805e+05 2.161411982552503177e+05 0.000000000000000000e+00
1.265901257491678989e+05 2.210257873752918676e+05 0.000000000000000000e+00
1.220957975891885580e+05 2.256871857752782525e+05 0.000000000000000000e+00
1.208881536391221016e+05 2.314828679956655542e+05 0.000000000000000000e+00
1.215508245189935551e+05 2.379240237963260442e+05 0.000000000000000000e+00
1.219199584488588880e+05 2.443884907370186120e+05 0.000000000000000000e+00
1.214390807587369054e+05 2.506738368576458306e+05 0.000000000000000000e+00
1.184726985086998611e+05 2.564295468079395941e+05 0.000000000000000000e+00
1.157694116686484340e+05 2.622607024482805282e+05 0.000000000000000000e+00
1.152347904785080609e+05 2.687137483090113383e+05 0.000000000000000000e+00
1.147001692883579381e+05 2.751667941697902861e+05 0.000000000000000000e+00
1.126578474082680477e+05 2.811247063603138668e+05 0.000000000000000000e+00
1.092625836182440253e+05 2.866383081305798260e+05 0.000000000000000000e+00
1.066879794581744063e+05 2.925762419510460459e+05 0.000000000000000000e+00
1.041518113581006619e+05 2.985340496115399292e+05 0.000000000000000000e+00
1.008995619180672657e+05 3.040428532518498832e+05 0.000000000000000000e+00
9.664134156409879506e+04 3.089208836118895561e+05 0.000000000000000000e+00
9.207220232115552062e+04 3.134465963818200398e+05 0.000000000000000000e+00
8.670250923626612348e+04 3.170651619614732917e+05 0.000000000000000000e+00
8.133281615137336485e+04 3.206837275511334883e+05 0.000000000000000000e+00
7.693239892441447591e+04 3.253835161711226683e+05 0.000000000000000000e+00
7.275076501244032988e+04 3.303273566411833744e+05 0.000000000000000000e+00
7.313387272925273282e+04 3.367580034922588384e+05 0.000000000000000000e+00
7.360167619804435526e+04 3.432162370434363838e+05 0.000000000000000000e+00
7.382055277582857525e+04 3.496452914946484379e+05 0.000000000000000000e+00
7.187188984371372499e+04 3.558202678954250878e+05 0.000000000000000000e+00
6.988741352159681264e+04 3.619763382362209959e+05 0.000000000000000000e+00
6.588799185462255264e+04 3.670687096963715157e+05 0.000000000000000000e+00
6.188857018764925306e+04 3.721610811565201730e+05 0.000000000000000000e+00
5.800985701766714919e+04 3.773397054967149743e+05 0.000000000000000000e+00
5.448791909465761273e+04 3.827732654770468944e+05 0.000000000000000000e+00
5.096598117165188887e+04 3.882068254473848501e+05 0.000000000000000000e+00
4.744404324864462251e+04 3.936403854277278297e+05 0.000000000000000000e+00
4.489719483456877060e+04 3.995704944784216350e+05 0.000000000000000000e+00
4.257428932647727197e+04 4.056146429392215214e+05 0.000000000000000000e+00
4.063123271135482355e+04 4.117500165001678979e+05 0.000000000000000000e+00
3.995596299714106135e+04 4.181898636715796893e+05 0.000000000000000000e+00
3.928069328291260172e+04 4.246297108330659103e+05 0.000000000000000000e+00
3.723562190378748346e+04 4.305339507140623173e+05 0.000000000000000000e+00
3.336354911682356033e+04 4.357238132343232282e+05 0.000000000000000000e+00
2.948930755085888086e+04 4.409120464745833306e+05 0.000000000000000000e+00
2.558295993589967838e+04 4.460761600448299432e+05 0.000000000000000000e+00
2.167661231994270929e+04 4.512402736250778544e+05 0.000000000000000000e+00
2.046519380675678258e+04 4.573970982264832710e+05 0.000000000000000000e+00
2.008811863448205986e+04 4.638612636783324415e+05 0.000000000000000000e+00
2.025368398114672164e+04 4.702997628204746870e+05 0.000000000000000000e+00
2.123920710471065831e+04 4.766994788230466656e+05 0.000000000000000000e+00
2.204987687225046102e+04 4.831101096357146744e+05 0.000000000000000000e+00
2.186787783684986061e+04 4.895827054981404217e+05 0.000000000000000000e+00
2.350950204825447872e+04 4.954415410812778864e+05 0.000000000000000000e+00
2.756801038834889187e+04 5.004869479854598176e+05 0.000000000000000000e+00
3.162651872832479421e+04 5.055323548899707384e+05 0.000000000000000000e+00
3.374408770738050225e+04 5.116018107142260997e+05 0.000000000000000000e+00
3.463003015353973024e+04 5.178374896980923950e+05 0.000000000000000000e+00
3.323211262105946662e+04 5.241599454907572363e+05 0.000000000000000000e+00
3.183419508856118773e+04 5.304824012935154606e+05 0.000000000000000000e+00
-2.499999999999346619e+05 4.800000000003511668e+05 0.000000000000000000e+00
-2.300000000000005530e+05 1.850000000000004075e+05 0.000000000000000000e+00
-2.220000000004383619e+05 -5.000000000010579242e+03 0.000000000000000000e+00
-2.050000000031892851e+05 -1.129999999995842081e+05 0.000000000000000000e+00
-1.680000000155943562e+05 -2.449999999955057283e+05 0.000000000000000000e+00
-1.245224043748089171e+05 -4.015695610140205245e+05 0.000000000000000000e+00
