# x knots:     25
X knot coords:
-256000
-256000
-256000
-256000
-229573
-223798
-217958
-214016
-208158
-203409
-195117
-189938
-184024
-180232
-178140
-175988
-163295
-148273
-118647
-78226.4
-10437.3
168000
168000
168000
168000
# y knots:     23
Y knot coords:
-540000
-540000
-540000
-540000
-437797
-293682
-170347
-120662
-60879.6
23170.5
59096.6
107536
199164
232344
265431
300772
373814
395099
421706
528000
528000
528000
528000
# coeffs:    399
Coefficients:
-9.69456e+08
-7.30799e+08
-3.08207e+08
-5.85263e+07
3.06075e+06
8.96301e+06
4.0476e+06
-1.94081e+06
-5.5404e+06
-6.38252e+06
211000
-179526
-657683
-220087
-521896
-342362
-404058
-204923
-371569
-7.63578e+08
-5.7826e+08
-2.33822e+08
-1.86848e+07
1.08928e+06
2.89673e+06
193213
-499059
-333561
-326694
-251849
-397945
-300335
-433514
-332502
-383312
-260866
-436367
30576.8
-5.67053e+08
-4.28357e+08
-1.65515e+08
5.38954e+06
-1.86038e+06
902939
-421040
-300049
-342558
-299265
-352072
-292446
-392553
-311803
-394384
-342347
-392697
-84939.7
-456742
-3.96109e+08
-2.95191e+08
-1.06794e+08
1.23023e+07
-2.0361e+06
46036.7
-366527
-273379
-316845
-279224
-307178
-260591
-316310
-328357
-286771
-264310
-315430
-132830
-291268
-3.34675e+08
-2.46966e+08
-8.57213e+07
1.24853e+07
-1.66363e+06
-155224
-328855
-265625
-304757
-266346
-295351
-251997
-278114
-325631
-260802
-252639
-272880
-167833
-215180
-2.79594e+08
-2.03552e+08
-6.68087e+07
1.09987e+07
-1.13223e+06
-224148
-286955
-263513
-286740
-262645
-264634
-254367
-225500
-301484
-234799
-219153
-282827
-136689
-217230
-2.3427e+08
-1.67757e+08
-5.12368e+07
8.49309e+06
-688262
-211328
-276761
-250425
-273782
-249421
-259201
-212833
-243402
-232816
-237164
-196230
-297892
-89083.4
-254247
-1.83033e+08
-1.27407e+08
-3.3742e+07
4.69904e+06
-484549
-232717
-236778
-249925
-242050
-247334
-230794
-180646
-217018
-189781
-224940
-169900
-309997
-47476
-270731
-1.42045e+08
-9.54727e+07
-2.01177e+07
1.39083e+06
-481284
-215790
-222930
-209732
-207706
-241335
-206228
-161235
-218780
-175619
-203739
-150703
-303142
-24230.8
-271866
-1.06428e+08
-6.84345e+07
-9.37306e+06
-312584
-340891
-232957
-187121
-148276
-194709
-208406
-191758
-141307
-192719
-142228
-210253
-137814
-262430
-39977.3
-232244
-8.36472e+07
-5.17223e+07
-3.58127e+06
-588973
-270986
-251312
-150024
-140914
-165487
-208747
-158605
-142072
-180750
-127592
-203576
-136435
-229615
-53602.7
-205781
-6.83892e+07
-4.09777e+07
-711926
-608304
-263537
-237497
-144659
-127660
-146224
-189002
-149599
-142425
-164064
-134565
-191607
-136234
-209255
-57409.4
-188002
-5.90568e+07
-3.46016e+07
570203
-644272
-246621
-231625
-141755
-123436
-139166
-167537
-150564
-141362
-155365
-136491
-183203
-135840
-195999
-61169.7
-177962
-4.09265e+07
-2.25168e+07
2.33136e+06
-753575
-220063
-202501
-132308
-117498
-124583
-138987
-151189
-124046
-149443
-134633
-171587
-134076
-162587
-65574.1
-164575
-1.79905e+07
-9.02166e+06
450044
-483725
-203167
-169331
-132126
-96106.5
-124050
-141699
-104565
-122794
-143472
-111382
-137831
-132596
-170025
-5949.27
-197685
2.5788e+06
190543
-216365
-201855
-154113
-135150
-80099.2
-102934
-95721.8
-77239.1
-105497
-86308.5
-96381.4
-114443
-100040
-96272
-71134.5
-46947.2
-104078
-193032
-335418
-281979
-27636.5
-115703
-92198.8
-61476.9
-52312
-70674.7
-73282.3
-79121.3
-74737.1
-81641.3
-60758.3
-72425.5
-43244.6
-32296.5
-33971.6
-55225.1
-130923
-21582.9
-2981.78
-88056
-53776.5
-53582.1
-42192.2
-55077.3
-48451.7
-42524.2
-33911.4
-34454
-29438.5
-28531.6
-27703.5
-30052.9
-1626.87
-9104.93
-24768
-50082.4
-47465.8
-82487.4
13889.8
-4029.01
-9183.84
-7540.69
4732.65
-3090.77
-578.202
-4631.92
-4713.49
-6752.64
-3590.02
-4096.5
2073.33
-30539.9
-21149.5
13202
-30267
18609.2
64997.4
-37945.3
-13253.8
-7373.5
-30784.7
-18674.1
-16990.8
-13624.3
-11350.9
-11144.7
-9585.26
-4198.87
1998.94
-2286.87
54783.8
63944.1
-34573.9
-561822
-100790
-472008
77852.8
-63902.7
57204
34241.4
-1017.94
1188.58
-6217.64
3257.54
6731.04
8351.29
86.4276
6734.5
-3269.39
-103577
-309193
190293
Spline degree (x):  3
Spline degree (y):  3
