1.737383811545569472e+02 -3.888371099453303970e+01
1.737561727735077852e+02 -3.889516636453043930e+01
1.737739701703609967e+02 -3.890661909985178823e+01
1.737917733470872008e+02 -3.891806919703532230e+01
1.738095823056496840e+02 -3.892951665262379635e+01
1.738273970480043431e+02 -3.894096146316428531e+01
1.738452175760996568e+02 -3.895240362520828370e+01
1.738630438918767140e+02 -3.896384313531160615e+01
1.738808759972691860e+02 -3.897527999003433052e+01
1.738987138942032971e+02 -3.898671418594079796e+01
1.739165575845979106e+02 -3.899814571959956311e+01
1.739344070703642728e+02 -3.900957458758335861e+01
1.739522623534063257e+02 -3.902100078646902404e+01
1.739701234356205077e+02 -3.903242431283755565e+01
1.739879903188956689e+02 -3.904384516327394294e+01
1.740058630051133264e+02 -3.905526333436724684e+01
1.740237414961472950e+02 -3.906667882271045755e+01
1.740416257938640570e+02 -3.907809162490059407e+01
1.740595159001224488e+02 -3.908950173753849811e+01
1.740774118167737470e+02 -3.910090915722891225e+01
1.740953135456617531e+02 -3.911231388058043734e+01
1.741132210886226801e+02 -3.912371590420544720e+01
1.741311344474851524e+02 -3.913511522472004600e+01
1.741490536240702056e+02 -3.914651183874410378e+01
1.741669786201912302e+02 -3.915790574290112147e+01
1.741849094376540847e+02 -3.916929693381826638e+01
1.742028460782570107e+02 -3.918068540812631539e+01
1.742207885437905475e+02 -3.919207116245960520e+01
1.742387368360376172e+02 -3.920345419345600391e+01
1.742566909567734967e+02 -3.921483449775683994e+01
1.742746509077658459e+02 -3.922621207200692339e+01
1.742926166907745369e+02 -3.923758691285449629e+01
1.743105883075518534e+02 -3.924895901695110467e+01
1.743285657598423484e+02 -3.926032838095170518e+01
1.743465490493828725e+02 -3.927169500151451587e+01
1.743645381779025456e+02 -3.928305887530103035e+01
1.743825331471227855e+02 -3.929441999897596816e+01
1.744005339587571655e+02 -3.930577836920721779e+01
1.744185406145116985e+02 -3.931713398266580839e+01
1.744365531160845251e+02 -3.932848683602589546e+01
1.744545714651659125e+02 -3.933983692596473958e+01
1.744725956634385966e+02 -3.935118424916254298e+01
1.744906257125772697e+02 -3.936252880230259876e+01
1.745086616142489788e+02 -3.937387058207109902e+01
1.745267033701128980e+02 -3.938520958515718462e+01
1.745447509818203855e+02 -3.939654580825281727e+01
1.745628044510149834e+02 -3.940787924805290743e+01
1.745808637793323612e+02 -3.941920990125504431e+01
1.745989289684004007e+02 -3.943053776455971615e+01
1.746170000198389971e+02 -3.944186283467002596e+01
1.746350769352602867e+02 -3.945318510829181946e+01
1.746531597162684477e+02 -3.946450458213357848e+01
1.746712483644598706e+02 -3.947582125290640676e+01
1.746893428814228741e+02 -3.948713511732398729e+01
1.747074432687380181e+02 -3.949844617210253972e+01
1.747255495279778472e+02 -3.950975441396077059e+01
1.747436616607070334e+02 -3.952105983961983782e+01
1.747617796684822338e+02 -3.953236244580337200e+01
1.747799035528522893e+02 -3.954366222923732010e+01
1.747980333153579124e+02 -3.955495918665001653e+01
1.748161689575319429e+02 -3.956625331477209784e+01
1.748343104808991768e+02 -3.957754461033645299e+01
1.748524578869765094e+02 -3.958883307007824470e+01
1.748706111772727922e+02 -3.960011869073476731e+01
1.748887703532888338e+02 -3.961140146904550363e+01
1.749069354165173991e+02 -3.962268140175206099e+01
1.749251063684433802e+02 -3.963395848559806467e+01
1.749432832105434841e+02 -3.964523271732930709e+01
1.749614659442864308e+02 -3.965650409369344231e+01
1.749796545711328974e+02 -3.966777261144016364e+01
1.749978490925354038e+02 -3.967903826732103312e+01
1.750160495099385400e+02 -3.969030105808955255e+01
1.750342558247787110e+02 -3.970156098050108540e+01
1.750524680384842497e+02 -3.971281803131271460e+01
1.750706861524754459e+02 -3.972407220728334920e+01
1.750889101681643751e+02 -3.973532350517363199e+01
1.751071400869551553e+02 -3.974657192174588971e+01
1.751253759102436334e+02 -3.975781745376411891e+01
1.751436176394175561e+02 -3.976906009799390773e+01
1.751618652758565986e+02 -3.978029985120237200e+01
1.751801188209321936e+02 -3.979153671015829730e+01
1.751983782760076735e+02 -3.980277067163181925e+01
1.752166436424381857e+02 -3.981400173239466511e+01
1.752349149215707484e+02 -3.982522988921987661e+01
1.752531921147440812e+02 -3.983645513888193079e+01
1.752714752232888031e+02 -3.984767747815664762e+01
1.752897642485273764e+02 -3.985889690382111183e+01
1.753080591917739639e+02 -3.987011341265372977e+01
1.753263600543345149e+02 -3.988132700143411569e+01
1.753446668375068498e+02 -3.989253766694304915e+01
1.753629795425804616e+02 -3.990374540596243946e+01
1.753812981708366578e+02 -3.991495021527538967e+01
1.753996227235484753e+02 -3.992615209166599044e+01
1.754179532019807084e+02 -3.993735103191936986e+01
1.754362896073899094e+02 -3.994854703282170050e+01
1.754546319410243314e+02 -3.995974009116006442e+01
1.754729802041239850e+02 -3.997093020372248873e+01
1.754913343979205536e+02 -3.998211736729781762e+01
1.755096945236374779e+02 -3.999330157867578350e+01
1.755280605824898714e+02 -4.000448283464688615e+01
1.755464325756845767e+02 -4.001566113200240693e+01
1.755648105044201088e+02 -4.002683646753429514e+01
1.755831943698866269e+02 -4.003800883803526034e+01
1.756015841732660476e+02 -4.004917824029855211e+01
1.756199799157319035e+02 -4.006034467111808084e+01
1.756383815984493708e+02 -4.007150812728826850e+01
1.756567892225753553e+02 -4.008266860560410549e+01
1.756752027892583214e+02 -4.009382610286107251e+01
1.756936222996385197e+02 -4.010498061585498419e+01
1.757120477548476174e+02 -4.011613214138218098e+01
1.757304791560090962e+02 -4.012728067623926620e+01
1.757489165042380534e+02 -4.013842621722320558e+01
1.757673598006410884e+02 -4.014956876113126327e+01
1.757858090463165297e+02 -4.016070830476090237e+01
1.758042642423542361e+02 -4.017184484490980623e+01
1.758227253898357105e+02 -4.018297837837578612e+01
1.758411924898340430e+02 -4.019410890195685226e+01
1.758596655434139393e+02 -4.020523641245097934e+01
1.758781445516316069e+02 -4.021636090665627705e+01
1.758966295155349542e+02 -4.022748238137079824e+01
1.759151204361633063e+02 -4.023860083339258154e+01
1.759336173145476891e+02 -4.024971625951956611e+01
1.759521201517106874e+02 -4.026082865654958454e+01
1.759706289486663593e+02 -4.027193802128027045e+01
1.759891437064203501e+02 -4.028304435050907983e+01
1.760076644259698924e+02 -4.029414764103324842e+01
1.760261911083037489e+02 -4.030524788964964955e+01
1.760447237544021846e+02 -4.031634509315492920e+01
1.760632623652369944e+02 -4.032743924834529992e+01
1.760818069417715890e+02 -4.033853035201653370e+01
1.761003574849607389e+02 -4.034961840096406860e+01
1.761189139957509440e+02 -4.036070339198273871e+01
1.761374764750800068e+02 -4.037178532186689495e+01
1.761560449238774595e+02 -4.038286418741031980e+01
1.761746193430641654e+02 -4.039393998540618469e+01
1.761931997335525466e+02 -4.040501271264697181e+01
1.762117860962465841e+02 -4.041608236592450965e+01
1.762303784320416185e+02 -4.042714894202983800e+01
1.762489767418246061e+02 -4.043821243775325769e+01
1.762675810264739766e+02 -4.044927284988424532e+01
1.762861912868595198e+02 -4.046033017521143194e+01
1.763048075238427543e+02 -4.047138441052246804e+01
1.763234297382763884e+02 -4.048243555260411597e+01
1.763420579310048026e+02 -4.049348359824218591e+01
1.763606921028637657e+02 -4.050452854422136539e+01
1.763793322546805484e+02 -4.051557038732532590e+01
1.763979783872738381e+02 -4.052660912433663043e+01
1.764166305014538523e+02 -4.053764475203667672e+01
1.764352885980221970e+02 -4.054867726720566878e+01
1.764539526777720084e+02 -4.055970666662251034e+01
1.764726227414877826e+02 -4.057073294706491140e+01
1.764912987899455175e+02 -4.058175610530921062e+01
1.765099808239127128e+02 -4.059277613813036822e+01
1.765286688441481999e+02 -4.060379304230195885e+01
1.765473628514023403e+02 -4.061480681459612185e+01
1.765660628464169122e+02 -4.062581745178340498e+01
1.765847688299250819e+02 -4.063682495063293487e+01
1.766034808026516032e+02 -4.064782930791216842e+01
1.766221987653124472e+02 -4.065883052038699930e+01
1.766409227186152009e+02 -4.066982858482159457e+01
1.766596526632587825e+02 -4.068082349797846575e+01
1.766783885999335837e+02 -4.069181525661832666e+01
1.766971305293214130e+02 -4.070280385750013608e+01
1.767158784520954953e+02 -4.071378929738091301e+01
1.767346323689205576e+02 -4.072477157301592143e+01
1.767533922804526014e+02 -4.073575068115840025e+01
1.767721581873391585e+02 -4.074672661855966282e+01
1.767909300902191774e+02 -4.075769938196899744e+01
1.768097079897229946e+02 -4.076866896813359631e+01
1.768284918864723920e+02 -4.077963537379859105e+01
1.768472817810806532e+02 -4.079059859570694613e+01
1.768660776741521943e+02 -4.080155863059941623e+01
1.768848795662832458e+02 -4.081251547521453915e+01
1.769036874580611709e+02 -4.082346912628856472e+01
1.769225013500648629e+02 -4.083441958055541221e+01
1.769413212428645750e+02 -4.084536683474662766e+01
1.769601471370220906e+02 -4.085631088559135549e+01
1.769789790330904680e+02 -4.086725172981624610e+01
1.769978169316142953e+02 -4.087818936414545590e+01
1.770166608331295492e+02 -4.088912378530061886e+01
1.770355107381635378e+02 -4.090005499000072575e+01
1.770543666472351845e+02 -4.091098297496215253e+01
1.770732285608546306e+02 -4.092190773689858929e+01
1.770920964795235477e+02 -4.093282927252097636e+01
1.771109704037349957e+02 -4.094374757853747582e+01
1.771298503339735362e+02 -4.095466265165342179e+01
1.771487362707149771e+02 -4.096557448857131334e+01
1.771676282144267134e+02 -4.097648308599069367e+01
1.771865261655675567e+02 -4.098738844060815012e+01
1.772054301245876502e+02 -4.099829054911726445e+01
1.772243400919286671e+02 -4.100918940820857728e+01
1.772432560680235838e+02 -4.102008501456948153e+01
1.772621780532969353e+02 -4.103097736488427216e+01
1.772811060481646734e+02 -4.104186645583403248e+01
1.773000400530341096e+02 -4.105275228409659150e+01
1.773189800683041142e+02 -4.106363484634648842e+01
1.773379260943648319e+02 -4.107451413925493711e+01
1.773568781315979948e+02 -4.108539015948979056e+01
1.773758361803767230e+02 -4.109626290371539170e+01
1.773948002410656102e+02 -4.110713236859270836e+01
1.774137703140206384e+02 -4.111799855077910593e+01
