1.928085010000000009e+06 5.910329459999999963e+06 -2.973838200000000070e+05
1.928333077023191145e+06 5.910122179479990155e+06 -2.948209166536101256e+05
1.928581144046382280e+06 5.909914898959981278e+06 -2.922580133072201861e+05
1.928829211069573415e+06 5.909707618439971469e+06 -2.896951099608303048e+05
1.929077278092764551e+06 5.909500337919961661e+06 -2.871322066144404234e+05
1.929325345115955686e+06 5.909293057399951853e+06 -2.845693032680504839e+05
1.929573412139146822e+06 5.909085776879942976e+06 -2.820063999216606026e+05
1.929821479162338190e+06 5.908878496359933168e+06 -2.794434965752707212e+05
1.930069546185529325e+06 5.908671215839923359e+06 -2.768805932288807817e+05
1.930317613208720461e+06 5.908463935319913551e+06 -2.743176898824909003e+05
1.930565680231911596e+06 5.908256654799904674e+06 -2.717547865361010190e+05
1.930813747255102731e+06 5.908049374279894866e+06 -2.691918831897110795e+05
1.931061814278293867e+06 5.907842093759885058e+06 -2.666289798433211981e+05
1.931309881301485002e+06 5.907634813239876181e+06 -2.640660764969312586e+05
1.931585762553792214e+06 5.907404300982485525e+06 -2.615086024046396487e+05
1.931924942024652613e+06 5.907120919109909795e+06 -2.589634839347548550e+05
1.932264121495513245e+06 5.906837537237333134e+06 -2.564183654648700322e+05
1.932603300966373878e+06 5.906554155364756472e+06 -2.538732469949852384e+05
1.932942480437234277e+06 5.906270773492180742e+06 -2.513281285251004156e+05
1.933281659908094909e+06 5.905987391619604081e+06 -2.487830100552156218e+05
1.933620839378955541e+06 5.905704009747027420e+06 -2.462378915853308281e+05
1.933960018849815940e+06 5.905420627874450758e+06 -2.436927731154460052e+05
1.934299198320676573e+06 5.905137246001875028e+06 -2.411476546455612115e+05
1.934638377791537205e+06 5.904853864129298367e+06 -2.386025361756764178e+05
1.935025152003489435e+06 5.904530727809944190e+06 -2.360709244078744669e+05
1.935528978183544008e+06 5.904109821524214000e+06 -2.335725303028878407e+05
1.936032804363598349e+06 5.903688915238484740e+06 -2.310741361979012145e+05
1.936536630543652922e+06 5.903268008952755481e+06 -2.285757420929145592e+05
1.937040456723707262e+06 5.902847102667025290e+06 -2.260773479879279330e+05
1.937544282903761836e+06 5.902426196381296031e+06 -2.235789538829413068e+05
1.938048109083816176e+06 5.902005290095566772e+06 -2.210805597779546806e+05
1.938551935263870750e+06 5.901584383809836581e+06 -2.185821656729680544e+05
1.939055761443925090e+06 5.901163477524107322e+06 -2.160837715679814282e+05
1.939691456934127025e+06 5.900632417776608840e+06 -2.136380427900902869e+05
1.940348602851775242e+06 5.900083439994678833e+06 -2.112008807801342045e+05
1.941005748769423226e+06 5.899534462212749757e+06 -2.087637187701781513e+05
1.941662894687071443e+06 5.898985484430820681e+06 -2.063265567602220690e+05
1.942320040604719426e+06 5.898436506648890674e+06 -2.038893947502659867e+05
1.942977186522367643e+06 5.897887528866961598e+06 -2.014522327403099043e+05
1.943634332440015627e+06 5.897338551085031591e+06 -1.990150707303538511e+05
1.944291478357663844e+06 5.896789573303102516e+06 -1.965779087203977688e+05
1.945076136226350674e+06 5.896134074404336512e+06 -1.942089391005513316e+05
1.945922431465452770e+06 5.895427084790527821e+06 -1.918729326623867091e+05
1.946768726704554865e+06 5.894720095176719129e+06 -1.895369262242220575e+05
1.947615021943656961e+06 5.894013105562910438e+06 -1.872009197860574059e+05
1.948461317182758823e+06 5.893306115949101746e+06 -1.848649133478927833e+05
1.949307612421860918e+06 5.892599126335293055e+06 -1.825289069097281317e+05
1.950153907660963014e+06 5.891892136721484363e+06 -1.801929004715635092e+05
1.951000202900065109e+06 5.891185147107675672e+06 -1.778568940333988576e+05
1.951846498139167204e+06 5.890478157493866980e+06 -1.755208875952342059e+05
1.952802390661474084e+06 5.889679588659063913e+06 -1.732579495493395953e+05
1.953761028628342086e+06 5.888878725737520494e+06 -1.709968418884169078e+05
1.954719666595210088e+06 5.888077862815977074e+06 -1.687357342274942202e+05
1.955678304562078090e+06 5.887276999894433655e+06 -1.664746265665715327e+05
1.956636942528946092e+06 5.886476136972890235e+06 -1.642135189056488161e+05
1.957595580495814094e+06 5.885675274051347747e+06 -1.619524112447261286e+05
1.958554218462682096e+06 5.884874411129804328e+06 -1.596913035838034411e+05
1.959546128298114985e+06 5.884045742322156206e+06 -1.574560547513367492e+05
1.960617163466136670e+06 5.883150947081552818e+06 -1.552823019661376602e+05
1.961688198634158354e+06 5.882256151840948500e+06 -1.531085491809386003e+05
1.962759233802179806e+06 5.881361356600345112e+06 -1.509347963957395114e+05
1.963830268970201490e+06 5.880466561359741725e+06 -1.487610436105404515e+05
1.964901304138223175e+06 5.879571766119137406e+06 -1.465872908253413625e+05
1.965972339306244859e+06 5.878676970878534019e+06 -1.444135380401423026e+05
1.967053079436005792e+06 5.877774061083840206e+06 -1.422482450975598185e+05
1.968185661737783113e+06 5.876827804790697061e+06 -1.401281431230563612e+05
1.969318244039560435e+06 5.875881548497552983e+06 -1.380080411485528748e+05
1.970450826341337990e+06 5.874935292204408906e+06 -1.358879391740493884e+05
1.971583408643115312e+06 5.873989035911265761e+06 -1.337678371995459311e+05
1.972715990944892634e+06 5.873042779618121684e+06 -1.316477352250424738e+05
1.973874459431144176e+06 5.872074877766278572e+06 -1.295521302684615512e+05
1.975070634184458992e+06 5.871075446616718546e+06 -1.274922080947551003e+05
1.976266808937773574e+06 5.870076015467157587e+06 -1.254322859210486786e+05
1.977462983691088157e+06 5.869076584317596629e+06 -1.233723637473422568e+05
1.978659158444402739e+06 5.868077153168036602e+06 -1.213124415736358205e+05
1.979855333197717555e+06 5.867077722018475644e+06 -1.192525193999293697e+05
1.981057185758803738e+06 5.866073521289678290e+06 -1.171982515812355850e+05
1.982264984716900624e+06 5.865064325356243178e+06 -1.151499055973585637e+05
1.983472783674997278e+06 5.864055129422808066e+06 -1.131015596134815569e+05
1.984680582633094164e+06 5.863045933489372954e+06 -1.110532136296045210e+05
1.985888381591191050e+06 5.862036737555937842e+06 -1.090048676457275142e+05
1.987080813465534011e+06 5.861040347818802111e+06 -1.069413437015345844e+05
1.988269378116321051e+06 5.860047180841741152e+06 -1.048740001278917334e+05
1.989457942767108092e+06 5.859054013864681125e+06 -1.028066565542488679e+05
1.990646507417895133e+06 5.858060846887620166e+06 -1.007393129806059878e+05
1.991798016847796505e+06 5.857098618915829808e+06 -9.863747181230831484e+04
1.992913916302492609e+06 5.856166123251234181e+06 -9.650247854125880986e+04
1.994029815757188946e+06 5.855233627586639486e+06 -9.436748527020929032e+04
1.995145715211885050e+06 5.854301131922043860e+06 -9.223249199915975623e+04
1.996374219837033190e+06 5.853274521154221147e+06 -9.020876047298294725e+04
1.997650312178968219e+06 5.852208136698745191e+06 -8.823204892273592122e+04
1.998926404520903016e+06 5.851141752243268304e+06 -8.625533737248889520e+04
2.000173047277632402e+06 5.850099969439694658e+06 -8.425014727212207799e+04
2.001255143136227503e+06 5.849195646144678816e+06 -8.208583584448280453e+04
2.002337238994822837e+06 5.848291322849663906e+06 -7.992152441684351652e+04
2.003419334853417939e+06 5.847386999554648064e+06 -7.775721298920424306e+04
2.004500083729657577e+06 5.846483795122277923e+06 -7.559176506983475701e+04
2.005576210630561458e+06 5.845584429905417375e+06 -7.342241744329807989e+04
2.006652337531465339e+06 5.844685064688557759e+06 -7.125306981676143187e+04
2.007579815138254315e+06 5.843909914327671751e+06 -6.899069463665320654e+04
2.008206126195146702e+06 5.843386425838727504e+06 -6.653984370547364233e+04
2.008832437252039090e+06 5.842862937349782325e+06 -6.408899277429406357e+04
2.009476760682871565e+06 5.842324394416023977e+06 -6.164673392197881913e+04
2.010212357158427825e+06 5.841709566978106275e+06 -5.924801320633913565e+04
2.010947953633984085e+06 5.841094739540187642e+06 -5.684929249069945945e+04
2.011714205763184931e+06 5.840454291016436182e+06 -5.447157140283324406e+04
2.012813045650256565e+06 5.839535875511771068e+06 -5.232167840822203289e+04
2.013911885537328431e+06 5.838617460007106885e+06 -5.017178541361077077e+04
2.015294972311642021e+06 5.837461469041702338e+06 -4.839584163212569547e+04
2.016954795682878699e+06 5.836074179766735062e+06 -4.698396668413499719e+04
2.018614619054115610e+06 5.834686890491767786e+06 -4.557209173614429164e+04
2.020274442425352288e+06 5.833299601216800511e+06 -4.416021678815358609e+04
2.022007402549017221e+06 5.831851124550717883e+06 -4.291737782369075285e+04
2.023792967423542403e+06 5.830358637898430228e+06 -4.179612062905907806e+04
2.025578532298067585e+06 5.828866151246143505e+06 -4.067486343442740326e+04
2.027364097172592767e+06 5.827373664593855850e+06 -3.955360623979572847e+04
2.029173254596665967e+06 5.825861421257871203e+06 -3.850566979561617336e+04
2.031037914224959211e+06 5.824302699710997753e+06 -3.763022268994234037e+04
2.032902573853252688e+06 5.822743978164125234e+06 -3.675477558426850737e+04
2.034767233481546165e+06 5.821185256617251784e+06 -3.587932847859467438e+04
2.036621806910799118e+06 5.819634894977264106e+06 -3.496909123363140679e+04
2.038466305889208568e+06 5.818092883506714366e+06 -3.402410437221643224e+04
2.040310804867618019e+06 5.816550872036164626e+06 -3.307911751080145041e+04
2.042155303846027469e+06 5.815008860565614887e+06 -3.213413064938647585e+04
2.044008840885974467e+06 5.813459257025154307e+06 -3.122248499176819314e+04
2.045898556766739581e+06 5.811879262865239754e+06 -3.044430225646325925e+04
2.047788272647504695e+06 5.810299268705325201e+06 -2.966611952115832901e+04
2.049677988528269576e+06 5.808719274545410648e+06 -2.888793678585339876e+04
2.051567704409034690e+06 5.807139280385496095e+06 -2.810975405054846487e+04
2.053457420289799804e+06 5.805559286225581542e+06 -2.733157131524353463e+04
2.055349850791561883e+06 5.803976907996389084e+06 -2.656501042138511548e+04
2.057244963595143519e+06 5.802392174081683159e+06 -2.580993300403828471e+04
2.059140076398725156e+06 5.800807440166976303e+06 -2.505485558669145030e+04
2.061035189202306792e+06 5.799222706252270378e+06 -2.429977816934459770e+04
2.062930302005888429e+06 5.797637972337563522e+06 -2.354470075199776329e+04
2.064827775922472589e+06 5.796051238101712428e+06 -2.280043989995429001e+04
2.066742393026984995e+06 5.794449980257182382e+06 -2.213471421820171963e+04
2.068657010131497169e+06 5.792848722412651405e+06 -2.146898853644915289e+04
2.070571627236009575e+06 5.791247464568120427e+06 -2.080326285469658251e+04
2.072486244340521982e+06 5.789646206723590381e+06 -2.013753717294401577e+04
2.074420182548546465e+06 5.788028651473619975e+06 -1.958023620473689152e+04
2.076363145725027891e+06 5.786403483637240715e+06 -1.907358087481060284e+04
2.078306108901509317e+06 5.784778315800861456e+06 -1.856692554488432506e+04
2.080249072077990742e+06 5.783153147964482196e+06 -1.806027021495805093e+04
2.082185654092710000e+06 5.781533241384785622e+06 -1.751683841469406616e+04
2.084107817274168134e+06 5.779925223107828759e+06 -1.689030673175525590e+04
2.086029980455626035e+06 5.778317204830871895e+06 -1.626377504881644563e+04
2.087952143637083936e+06 5.776709186553915031e+06 -1.563724336587763537e+04
2.089874306818542071e+06 5.775101168276957236e+06 -1.501071168293882511e+04
2.091796469999999972e+06 5.773493150000000373e+06 -1.438418000000000029e+04
1.864484810000000056e+06 5.833072059999999590e+06 -2.308841900000000023e+05
1.865160409751341445e+06 5.832507014329301193e+06 -2.287944784289461095e+05
1.865836009502682835e+06 5.831941968658602796e+06 -2.267047668578922166e+05
1.866511609254024457e+06 5.831376922987904400e+06 -2.246150552868382947e+05
1.867187209005365847e+06 5.830811877317206003e+06 -2.225253437157844019e+05
1.867862808756707236e+06 5.830246831646507606e+06 -2.204356321447305090e+05
1.868538408508048626e+06 5.829681785975809209e+06 -2.183459205736765871e+05
1.869214008259390015e+06 5.829116740305110812e+06 -2.162562090026226942e+05
1.869889988035577117e+06 5.828551375931139104e+06 -2.141667080413287622e+05
1.870574192405154463e+06 5.827979114100690931e+06 -2.120817651494856109e+05
1.871258396774731809e+06 5.827406852270241827e+06 -2.099968222576424305e+05
1.871942601144308923e+06 5.826834590439793654e+06 -2.079118793657992792e+05
1.872626805513886269e+06 5.826262328609344549e+06 -2.058269364739561279e+05
1.873311009883463383e+06 5.825690066778896376e+06 -2.037419935821129475e+05
1.873995214253040729e+06 5.825117804948448204e+06 -2.016570506902697962e+05
1.874729436461965321e+06 5.824503697373989038e+06 -1.996014639114697929e+05
1.875473034281812841e+06 5.823881746009799652e+06 -1.975513797992722539e+05
1.876216632101660362e+06 5.823259794645609334e+06 -1.955012956870746857e+05
1.876960229921507882e+06 5.822637843281419948e+06 -1.934512115748771175e+05
1.877703827741355402e+06 5.822015891917230561e+06 -1.914011274626795785e+05
1.878447425561202923e+06 5.821393940553041175e+06 -1.893510433504820103e+05
1.879191023381050443e+06 5.820771989188850857e+06 -1.873009592382844712e+05
1.879967680601733737e+06 5.820122361768527888e+06 -1.852718264094549231e+05
1.880744536702643614e+06 5.819472567853344604e+06 -1.832428196202956315e+05
1.881521392803553259e+06 5.818822773938161321e+06 -1.812138128311363398e+05
1.882298248904463137e+06 5.818172980022978038e+06 -1.791848060419770773e+05
1.883075105005372781e+06 5.817523186107795686e+06 -1.771557992528177856e+05
1.883851961106282426e+06 5.816873392192612402e+06 -1.751267924636585230e+05
1.884628817207192304e+06 5.816223598277429119e+06 -1.730977856744992314e+05
1.885441696740702959e+06 5.815543663985166699e+06 -1.710942548612186802e+05
1.886322538719272707e+06 5.814806866324440576e+06 -1.691387874746017624e+05
1.887203380697842455e+06 5.814070068663715385e+06 -1.671833200879848155e+05
1.888084222676412202e+06 5.813333271002989262e+06 -1.652278527013678686e+05
1.888965064654981950e+06 5.812596473342263140e+06 -1.632723853147509217e+05
1.889845906633551931e+06 5.811859675681537949e+06 -1.613169179281339748e+05
1.890726748612121679e+06 5.811122878020811826e+06 -1.593614505415170570e+05
1.891742951660895953e+06 5.810272831332084723e+06 -1.575219882019674114e+05
1.892770493312488543e+06 5.809413298269276507e+06 -1.556922430961219070e+05
1.893798034964081366e+06 5.808553765206468292e+06 -1.538624979902764026e+05
1.894825576615673956e+06 5.807694232143660076e+06 -1.520327528844308981e+05
1.895853118267266545e+06 5.806834699080851860e+06 -1.502030077785853646e+05
1.896880659918859368e+06 5.805975166018042713e+06 -1.483732626727398601e+05
1.897903403547526337e+06 5.805119603184852749e+06 -1.465389768323973403e+05
1.898925400148795452e+06 5.804264658495916054e+06 -1.447039840231369017e+05
1.899947396750064567e+06 5.803409713806979358e+06 -1.428689912138764921e+05
1.900969393351333681e+06 5.802554769118042663e+06 -1.410339984046160534e+05
1.901991389952602563e+06 5.801699824429105967e+06 -1.391990055953556439e+05
1.903013386553871678e+06 5.800844879740169272e+06 -1.373640127860952052e+05
1.904029725106710335e+06 5.799994658848105930e+06 -1.355237687630717410e+05
1.905026140281891450e+06 5.799161071604594588e+06 -1.336650339271393896e+05
1.906022555457072798e+06 5.798327484361083247e+06 -1.318062990912070672e+05
1.907018970632253913e+06 5.797493897117572837e+06 -1.299475642552747449e+05
1.908037300471443217e+06 5.796641970331409946e+06 -1.281101947828018747e+05
1.909122844126026146e+06 5.795733794878432527e+06 -1.263383543823177897e+05
1.910208387780609308e+06 5.794825619425455108e+06 -1.245665139818337047e+05
1.911293931435192470e+06 5.793917443972477689e+06 -1.227946735813496052e+05
1.912375090150898090e+06 5.793012933098413981e+06 -1.210184615353028348e+05
1.913402651743615977e+06 5.792153214385026135e+06 -1.191888148505010176e+05
1.914430213336333865e+06 5.791293495671639219e+06 -1.173591681656991859e+05
1.915457774929051753e+06 5.790433776958251372e+06 -1.155295214808973833e+05
1.916485336521769874e+06 5.789574058244863525e+06 -1.136998747960955661e+05
1.917512898114487762e+06 5.788714339531475678e+06 -1.118702281112937635e+05
1.918541636367848376e+06 5.787853635563380085e+06 -1.100417625423930149e+05
1.919635017805743264e+06 5.786938803837788291e+06 -1.082781849202562007e+05
1.920728399243638152e+06 5.786023972112196498e+06 -1.065146072981193574e+05
1.921821780681533040e+06 5.785109140386604704e+06 -1.047510296759825142e+05
1.922915162119427696e+06 5.784194308661011979e+06 -1.029874520538456854e+05
1.924069001380807487e+06 5.783228871202245355e+06 -1.012926231911072973e+05
1.925260116443257080e+06 5.782232232335057110e+06 -9.964018197865835100e+04
1.926451231505706673e+06 5.781235593467868865e+06 -9.798774076620937558e+04
1.927642346568156034e+06 5.780238954600680619e+06 -9.633529955376041471e+04
1.928831431362438947e+06 5.779243975526063703e+06 -9.468039859097254521e+04
1.930020063745232299e+06 5.778249366308612749e+06 -9.302494951373714139e+04
1.931208696128025651e+06 5.777254757091160864e+06 -9.136950043650173757e+04
1.932394369220955065e+06 5.776262610398830846e+06 -8.971048075709912519e+04
1.933571021338759921e+06 5.775277970364815556e+06 -8.804057660378242144e+04
1.934747673456565011e+06 5.774293330330801196e+06 -8.637067245046568860e+04
1.935924325574369868e+06 5.773308690296785906e+06 -8.470076829714897030e+04
1.937100977692174725e+06 5.772324050262771547e+06 -8.303086414383226656e+04
1.938277629809979815e+06 5.771339410228756256e+06 -8.136095999051553372e+04
1.939491720315354411e+06 5.770323391171116382e+06 -7.973785168861011334e+04
1.940720660124671180e+06 5.769294926153875887e+06 -7.813330417059356114e+04
1.941949599933987949e+06 5.768266461136635393e+06 -7.652875665257702349e+04
1.943178539743304485e+06 5.767237996119393967e+06 -7.492420913456048584e+04
1.944407479552621255e+06 5.766209531102153473e+06 -7.331966161654393363e+04
1.945645574664714746e+06 5.765173388980960473e+06 -7.172753421677142614e+04
1.946922706305094296e+06 5.764104513099571690e+06 -7.018836391836003168e+04
1.948199837945473846e+06 5.763035637218182907e+06 -6.864919361994865176e+04
1.949476969585853396e+06 5.761966761336795054e+06 -6.711002332153724274e+04
1.950754101226232946e+06 5.760897885455406271e+06 -6.557085302312586282e+04
1.952031232866612263e+06 5.759829009574017487e+06 -6.403168272471446835e+04
1.953295986490892712e+06 5.758770449713137932e+06 -6.247549348560886574e+04
1.954544279949627817e+06 5.757725607996100560e+06 -6.089667262452251452e+04
1.955792573408363154e+06 5.756680766279063188e+06 -5.931785176343614148e+04
1.957040866867098259e+06 5.755635924562025815e+06 -5.773903090234979754e+04
1.958289160325833596e+06 5.754591082844988443e+06 -5.616021004126342450e+04
1.959537453784568701e+06 5.753546241127951071e+06 -5.458138918017705146e+04
1.960785747243304038e+06 5.752501399410913698e+06 -5.300256831909070024e+04
1.962042478510880144e+06 5.751449476355412975e+06 -5.143557767236032669e+04
1.963338955079202307e+06 5.750364197492470965e+06 -4.992431185139169247e+04
1.964635431647524470e+06 5.749278918629529886e+06 -4.841304603042303643e+04
1.965931908215846634e+06 5.748193639766587876e+06 -4.690178020945440221e+04
1.967228384784169029e+06 5.747108360903646797e+06 -4.539051438848575344e+04
1.968524861352491193e+06 5.746023082040704787e+06 -4.387924856751709740e+04
1.969826500215475913e+06 5.744933476960217580e+06 -4.237609710079010983e+04
1.971204211921214126e+06 5.743780119674830697e+06 -4.099252075222836720e+04
1.972581923626952339e+06 5.742626762389442883e+06 -3.960894440366664639e+04
1.973990998206345364e+06 5.741447123124450445e+06 -3.828310860210936517e+04
1.975448451123696286e+06 5.740226942979641259e+06 -3.704633962930053531e+04
1.976905904041047208e+06 5.739006762834832072e+06 -3.580957065649168362e+04
1.978363356958398363e+06 5.737786582690022886e+06 -3.457280168368283194e+04
1.979847251728042960e+06 5.736544219818500802e+06 -3.339255492508599855e+04
1.981356554282409139e+06 5.735280541725238785e+06 -3.226661995352789381e+04
1.982865856836775551e+06 5.734016863631976768e+06 -3.114068498196979999e+04
1.984375159391141729e+06 5.732753185538714752e+06 -3.001475001041169526e+04
1.985952310142562026e+06 5.731432641018690541e+06 -2.907719324786729703e+04
1.987580125348166097e+06 5.730069632489329204e+06 -2.828030461733359698e+04
1.989207940553770401e+06 5.728706623959966935e+06 -2.748341598679993331e+04
1.990835755759374704e+06 5.727343615430604666e+06 -2.668652735626624781e+04
1.992474761777390726e+06 5.725971183313109912e+06 -2.593173072214545755e+04
1.994130547360737342e+06 5.724584621416035108e+06 -2.524004705763956008e+04
1.995786332944083959e+06 5.723198059518959373e+06 -2.454836339313368080e+04
1.997442118527430575e+06 5.721811497621883638e+06 -2.385667972862778333e+04
1.999100818329126108e+06 5.720422477420796640e+06 -2.317793395793901436e+04
2.000779511368614156e+06 5.719016591820213012e+06 -2.258794968575050734e+04
2.002458204408102203e+06 5.717610706219628453e+06 -2.199796541356200032e+04
2.004136897447590018e+06 5.716204820619044825e+06 -2.140798114137350785e+04
2.005815590487078065e+06 5.714798935018461198e+06 -2.081799686918500083e+04
2.007507913328937953e+06 5.713381495039949194e+06 -2.030071048853020693e+04
2.009204925615299027e+06 5.711960079683616757e+06 -1.980843640947816675e+04
2.010901937901660334e+06 5.710538664327285253e+06 -1.931616233042613021e+04
2.012598950188021408e+06 5.709117248970952816e+06 -1.882388825137410458e+04
2.014295962474382715e+06 5.707695833614620380e+06 -1.833161417232206804e+04
2.015992974760743789e+06 5.706274418258287944e+06 -1.783934009327003150e+04
2.017654478268182371e+06 5.704882612822572701e+06 -1.718026031129452531e+04
2.019303533517872915e+06 5.703501187690964900e+06 -1.646270371184340911e+04
2.020952588767563226e+06 5.702119762559358031e+06 -1.574514711239231110e+04
2.022609549597178586e+06 5.700731695103646256e+06 -1.506703577269652851e+04
2.024316537146332674e+06 5.699301594844749197e+06 -1.463853508340867847e+04
2.026023524695486529e+06 5.697871494585852139e+06 -1.421003439412083026e+04
2.027730512244640617e+06 5.696441394326955080e+06 -1.378153370483299113e+04
2.029437499793794472e+06 5.695011294068058021e+06 -1.335303301554514110e+04
2.031131202885685256e+06 5.693592191320307553e+06 -1.284440117195431048e+04
2.032822104198326124e+06 5.692175408019856550e+06 -1.231886914185734349e+04
2.034513005510967225e+06 5.690758624719406478e+06 -1.179333711176037650e+04
2.036208862448325846e+06 5.689337638987434097e+06 -1.129799663730345492e+04
2.037915696836244548e+06 5.687907344240575098e+06 -1.086953497797758791e+04
2.039622531224163016e+06 5.686477049493717030e+06 -1.044107331865172091e+04
2.041329365612081485e+06 5.685046754746858031e+06 -1.001261165932585573e+04
2.043036199999999953e+06 5.683616459999999963e+06 -9.584149999999999636e+03
1.788420209999999963e+06 5.766280059999999590e+06 -2.936939600000000210e+05
1.788882444714117795e+06 5.765893091177060269e+06 -2.909955865054655005e+05
1.789344679428235628e+06 5.765506122354120016e+06 -2.882972130109309801e+05
1.789806914142353460e+06 5.765119153531180695e+06 -2.855988395163964597e+05
1.790269148856471293e+06 5.764732184708241373e+06 -2.829004660218619392e+05
1.790731383570589125e+06 5.764345215885301121e+06 -2.802020925273273606e+05
1.791193618284707190e+06 5.763958247062361799e+06 -2.775037190327928402e+05
1.791655852998825023e+06 5.763571278239421546e+06 -2.748053455382583197e+05
1.792118087712942855e+06 5.763184309416482225e+06 -2.721069720437237993e+05
1.792580322427060688e+06 5.762797340593542904e+06 -2.694085985491892789e+05
1.793055953584959032e+06 5.762399149635589682e+06 -2.667142012398132356e+05
1.793534396511869505e+06 5.761998603272575885e+06 -2.640206384888020111e+05
1.794012839438779978e+06 5.761598056909563020e+06 -2.613270757377907576e+05
1.794491282365690451e+06 5.761197510546549223e+06 -2.586335129867795040e+05
1.794969725292600924e+06 5.760796964183535427e+06 -2.559399502357682504e+05
1.795448168219511397e+06 5.760396417820521630e+06 -2.532463874847570260e+05
1.795926611146421870e+06 5.759995871457507834e+06 -2.505528247337457724e+05
1.796423166839952115e+06 5.759580162898645736e+06 -2.478654956944293808e+05
1.797026148683038773e+06 5.759075365016386844e+06 -2.452147944076293497e+05
1.797629130526125664e+06 5.758570567134127021e+06 -2.425640931208293187e+05
1.798232112369212555e+06 5.758065769251867197e+06 -2.399133918340292876e+05
1.798835094212299213e+06 5.757560971369608305e+06 -2.372626905472292274e+05
1.799438076055386104e+06 5.757056173487348482e+06 -2.346119892604291963e+05
1.800106459280105075e+06 5.756496620757261291e+06 -2.319881188438965182e+05
1.800775611103216186e+06 5.755936424547066912e+06 -2.293645637443072628e+05
1.801444762926327530e+06 5.755376228336873464e+06 -2.267410086447180365e+05
1.802113914749438642e+06 5.754816032126679085e+06 -2.241174535451288102e+05
1.802755495056575863e+06 5.754278910642612725e+06 -2.214827306688891549e+05
1.803343854240464978e+06 5.753786330156738870e+06 -2.188264507038744632e+05
1.803932213424354093e+06 5.753293749670864083e+06 -2.161701707388597715e+05
1.804520572608243208e+06 5.752801169184990227e+06 -2.135138907738451089e+05
1.805108931792132556e+06 5.752308588699115440e+06 -2.108576108088304172e+05
1.805700023829088081e+06 5.751813719691131264e+06 -2.082024071879245166e+05
1.806337224189460976e+06 5.751280239050893113e+06 -2.055653634977098263e+05
1.806974424549834104e+06 5.750746758410654962e+06 -2.029283198074951360e+05
1.807611624910207000e+06 5.750213277770416811e+06 -2.002912761172804458e+05
1.808248825270579895e+06 5.749679797130178660e+06 -1.976542324270657555e+05
1.808886025630953023e+06 5.749146316489940509e+06 -1.950171887368510652e+05
1.809749691475150408e+06 5.748423251922423951e+06 -1.924995015488968929e+05
1.810696234217906371e+06 5.747630807564027607e+06 -1.900254938504750025e+05
1.811642776960662333e+06 5.746838363205630332e+06 -1.875514861520531413e+05
1.812589319703418296e+06 5.746045918847233988e+06 -1.850774784536312509e+05
1.813535862446174258e+06 5.745253474488837644e+06 -1.826034707552093605e+05
1.814433000216267072e+06 5.744502369611952454e+06 -1.800988890619379235e+05
1.815304086272685556e+06 5.743773063438269310e+06 -1.775781854093419097e+05
1.816175172329104040e+06 5.743043757264587097e+06 -1.750574817567458958e+05
1.817046258385522524e+06 5.742314451090903953e+06 -1.725367781041499111e+05
1.817920369255738333e+06 5.741582609617744572e+06 -1.700178869338163931e+05
1.818818668204575311e+06 5.740830494492329657e+06 -1.675134893708264863e+05
1.819716967153412290e+06 5.740078379366914742e+06 -1.650090918078366376e+05
1.820615266102249268e+06 5.739326264241499826e+06 -1.625046942448467598e+05
1.821513565051086247e+06 5.738574149116084911e+06 -1.600002966818568821e+05
1.822396735996009549e+06 5.737834689740561880e+06 -1.574869123428527091e+05
1.823256290247811470e+06 5.737114987562559545e+06 -1.549594985302652640e+05
1.824115844499613391e+06 5.736395285384558141e+06 -1.524320847176777897e+05
1.824975398751415545e+06 5.735675583206555806e+06 -1.499046709050903446e+05
1.825823473341224715e+06 5.734965482748276554e+06 -1.473707376067771693e+05
1.826657151541932952e+06 5.734267423593413085e+06 -1.448286283662361384e+05
1.827490829742640955e+06 5.733569364438548684e+06 -1.422865191256951075e+05
1.828134236125923693e+06 5.733030600438842550e+06 -1.396718393131334742e+05
1.828482075228322065e+06 5.732739284729193896e+06 -1.369444287402596674e+05
1.828829914330720436e+06 5.732447969019544311e+06 -1.342170181673858606e+05
1.829176216755472124e+06 5.732157939889922738e+06 -1.314892795727344637e+05
1.829513125815967098e+06 5.731875775334157050e+06 -1.287595358548562654e+05
1.829850034876461839e+06 5.731593610778392293e+06 -1.260297921369780524e+05
1.830186943936956581e+06 5.731311446222626604e+06 -1.233000484190998541e+05
1.830523852997451322e+06 5.731029281666860916e+06 -1.205703047012216412e+05
1.831174738014389295e+06 5.730484237792369910e+06 -1.179409437089091225e+05
1.831843924947330030e+06 5.729923870466794819e+06 -1.153174341079969745e+05
1.832797197666377993e+06 5.729125639597665519e+06 -1.129009060499944608e+05
1.834159137289845385e+06 5.727985234065909870e+06 -1.107821278638596705e+05
1.835521076913312776e+06 5.726844828534155153e+06 -1.086633496777248656e+05
1.836883016536779935e+06 5.725704423002399504e+06 -1.065445714915900462e+05
1.838256039655843517e+06 5.724554733627000824e+06 -1.044397947281003289e+05
1.839835970454058610e+06 5.723231732634785585e+06 -1.025963977647963184e+05
1.841415901252273703e+06 5.721908731642570347e+06 -1.007530008014923078e+05
1.842995832050488563e+06 5.720585730650355108e+06 -9.890960383818829723e+04
1.844575762848703656e+06 5.719262729658139870e+06 -9.706620687488428666e+04
1.846159625639928272e+06 5.717936431718303822e+06 -9.522897826951087336e+04
1.847836860980630154e+06 5.716531841572945006e+06 -9.353822889354446670e+04
1.849514096321332036e+06 5.715127251427586190e+06 -9.184747951757807459e+04
1.851191331662033917e+06 5.713722661282227375e+06 -9.015673014161165338e+04
1.852868567002735799e+06 5.712318071136868559e+06 -8.846598076564524672e+04
1.854545802343437681e+06 5.710913480991509743e+06 -8.677523138967882551e+04
1.856224618260863237e+06 5.709507547981726006e+06 -8.508719001037300040e+04
1.857913093903326429e+06 5.708093408030188642e+06 -8.341569860472844448e+04
1.859601569545789622e+06 5.706679268078651279e+06 -8.174420719908388855e+04
1.861290045188252814e+06 5.705265128127113916e+06 -8.007271579343933263e+04
1.862978520830716006e+06 5.703850988175576553e+06 -7.840122438779476215e+04
1.864666996473179199e+06 5.702436848224039190e+06 -7.672973298215020623e+04
1.866354929711841047e+06 5.701023086455402896e+06 -7.505737428398196062e+04
1.868042523260645568e+06 5.699609561530416831e+06 -7.338447242871821800e+04
1.869730116809450090e+06 5.698196036605430767e+06 -7.171157057345446083e+04
1.871417710358254611e+06 5.696782511680444703e+06 -7.003866871819070366e+04
1.873105303907059133e+06 5.695368986755457707e+06 -6.836576686292694649e+04
1.874838831398022594e+06 5.693916909963161685e+06 -6.677592397603797144e+04
1.876587153821183369e+06 5.692452415942208841e+06 -6.521283367662026285e+04
1.878335476244344143e+06 5.690987921921255067e+06 -6.364974337720257608e+04
1.880087566657354590e+06 5.689520195047938265e+06 -6.209393284437996772e+04
1.881841399883074919e+06 5.688050972879673354e+06 -6.054148943043295731e+04
1.883595233108795248e+06 5.686581750711407512e+06 -5.898904601648593962e+04
1.885349066334515344e+06 5.685112528543142602e+06 -5.743660260253892193e+04
1.887102899560235674e+06 5.683643306374877691e+06 -5.588415918859190424e+04
1.888828761475428473e+06 5.682197431869934313e+06 -5.427990286317252321e+04
1.890541833517112769e+06 5.680762233077175915e+06 -5.265195509922738711e+04
1.892254905558797065e+06 5.679327034284417517e+06 -5.102400733528225101e+04
1.893974542401158251e+06 5.677886328885119408e+06 -4.940919064613153751e+04
1.895806584737669909e+06 5.676351336871537380e+06 -4.801921017420497810e+04
1.897638627074181801e+06 5.674816344857955351e+06 -4.662922970227841870e+04
1.899470669410693459e+06 5.673281352844373323e+06 -4.523924923035185202e+04
1.901302711747205118e+06 5.671746360830791295e+06 -4.384926875842529262e+04
1.903151793840758735e+06 5.670197053523961455e+06 -4.250046463779041369e+04
1.905046727366251638e+06 5.668609225908867083e+06 -4.126245990614532639e+04
1.906941660891744308e+06 5.667021398293772712e+06 -4.002445517450023908e+04
1.908836594417237211e+06 5.665433570678677410e+06 -3.878645044285514450e+04
1.910689009182865033e+06 5.663881291428061202e+06 -3.744574421620746580e+04
1.912522314898085780e+06 5.662344988548600115e+06 -3.605888123308021750e+04
1.914355620613306528e+06 5.660808685669139028e+06 -3.467201824995296192e+04
1.916294276240600040e+06 5.659184005386522040e+06 -3.356972534804080351e+04
1.918266263566145441e+06 5.657531363344123587e+06 -3.255746768101318230e+04
1.920238250891690608e+06 5.655878721301725134e+06 -3.154521001398556109e+04
1.922210238217236008e+06 5.654226079259327613e+06 -3.053295234695794352e+04
1.924160528325936524e+06 5.652591507027002051e+06 -2.945253361590702843e+04
1.926103393158680992e+06 5.650963118690391071e+06 -2.834878863460730281e+04
1.928046257991425460e+06 5.649334730353780091e+06 -2.724504365330757719e+04
1.930026663896086626e+06 5.647674816540572792e+06 -2.627785909673556671e+04
1.932063880774604622e+06 5.645967195165077224e+06 -2.551733168453853796e+04
1.934101097653122619e+06 5.644259573789582588e+06 -2.475680427234150557e+04
1.936138314531640615e+06 5.642551952414087951e+06 -2.399627686014447318e+04
1.938181117207297590e+06 5.640839546740449965e+06 -2.326243877699041695e+04
1.940229247755225981e+06 5.639122577684221789e+06 -2.255405763984244186e+04
1.942277378303154605e+06 5.637405608627993613e+06 -2.184567650269446676e+04
1.944325508851083228e+06 5.635688639571766369e+06 -2.113729536554649167e+04
1.946373639399011852e+06 5.633971670515538193e+06 -2.042891422839851657e+04
1.948424418174920138e+06 5.632252301054646261e+06 -1.973417962857649036e+04
1.950475785432856297e+06 5.630532398182350211e+06 -1.904247752520783979e+04
1.952527152690792456e+06 5.628812495310053229e+06 -1.835077542183918922e+04
1.954578519948728615e+06 5.627092592437757179e+06 -1.765907331847054229e+04
1.956645472565738950e+06 5.625359502726443112e+06 -1.705776050795937044e+04
1.958725411715146853e+06 5.623615425054484978e+06 -1.653176476101285152e+04
1.960805350864554755e+06 5.621871347382525913e+06 -1.600576901406632351e+04
1.962885290013962425e+06 5.620127269710567780e+06 -1.547977326711979367e+04
1.964963420566055225e+06 5.618384635174020194e+06 -1.494223789374576700e+04
1.967037904069614131e+06 5.616644910729641095e+06 -1.438143278681166339e+04
1.969112387573172804e+06 5.614905186285262927e+06 -1.382062767987755797e+04
1.971186871076731710e+06 5.613165461840884760e+06 -1.325982257294345254e+04
1.973267902280805865e+06 5.611420170292732306e+06 -1.274583787246919019e+04
1.975359658187204041e+06 5.609665760195155628e+06 -1.230854191497945976e+04
1.977451414093601983e+06 5.607911350097578019e+06 -1.187124595748973115e+04
1.979543169999999925e+06 5.606156940000000410e+06 -1.143395000000000073e+04
1.726762540000000037e+06 5.687470690000000410e+06 -2.630315599999999977e+05
1.727171916877367767e+06 5.687127682754267007e+06 -2.604034163810569735e+05
1.727581293754735263e+06 5.686784675508533604e+06 -2.577752727621139493e+05
1.727990670632102992e+06 5.686441668262800202e+06 -2.551471291431709251e+05
1.728400047509470489e+06 5.686098661017065868e+06 -2.525189855242279009e+05
1.728809424386838218e+06 5.685755653771332465e+06 -2.498908419052848767e+05
1.729218801264205948e+06 5.685412646525599062e+06 -2.472626982863418525e+05
1.729628178141573444e+06 5.685069639279865660e+06 -2.446345546673988574e+05
1.730058739741336089e+06 5.684708883723718114e+06 -2.420123993820841424e+05
1.730519928516547894e+06 5.684322469081420451e+06 -2.393989015500633977e+05
1.730981117291759467e+06 5.683936054439123720e+06 -2.367854037180426531e+05
1.731442306066971039e+06 5.683549639796826988e+06 -2.341719058860219084e+05
1.731903494842182612e+06 5.683163225154529326e+06 -2.315584080540011637e+05
1.732364683617394418e+06 5.682776810512232594e+06 -2.289449102219804190e+05
1.732825872392605990e+06 5.682390395869935863e+06 -2.263314123899596743e+05
1.733294207135069882e+06 5.681997994653111324e+06 -2.237203675216965494e+05
1.733878730335907778e+06 5.681508255897403695e+06 -2.211492061383951514e+05
1.734463253536745440e+06 5.681018517141696066e+06 -2.185780447550937533e+05
1.735047776737583335e+06 5.680528778385988437e+06 -2.160068833717923553e+05
1.735632299938420998e+06 5.680039039630280808e+06 -2.134357219884909573e+05
1.736216823139258660e+06 5.679549300874573179e+06 -2.108645606051895593e+05
1.736872118761924095e+06 5.679000267529074103e+06 -2.083232524319069053e+05
1.737552106198529713e+06 5.678430546874295920e+06 -2.057923597550600243e+05
1.738232093635135097e+06 5.677860826219516806e+06 -2.032614670782131434e+05
1.738912081071740715e+06 5.677291105564738624e+06 -2.007305744013662625e+05
1.739592068508346099e+06 5.676721384909959510e+06 -1.981996817245193815e+05
1.740204454156515189e+06 5.676208291108286008e+06 -1.956427879708281835e+05
1.740685716136306291e+06 5.675805033464494161e+06 -1.930354612824995711e+05
1.741166978116097627e+06 5.675401775820702314e+06 -1.904281345941709296e+05
1.741648240095888730e+06 5.674998518176910467e+06 -1.878208079058422882e+05
1.742059994258200284e+06 5.674653489308794029e+06 -1.851986560411264363e+05
1.742240249803561484e+06 5.674502393749539740e+06 -1.825271283226702071e+05
1.742420505348922685e+06 5.674351298190284520e+06 -1.798556006042139779e+05
1.742600760894283885e+06 5.674200202631030232e+06 -1.771840728857577487e+05
1.742781016439645085e+06 5.674049107071775012e+06 -1.745125451673015195e+05
1.742832047730872640e+06 5.674006268159468658e+06 -1.718362394010960415e+05
1.742767989206191851e+06 5.674059844874798320e+06 -1.691556782059113320e+05
1.742703930681511061e+06 5.674113421590127982e+06 -1.664751170107265934e+05
1.742639872156830272e+06 5.674166998305457644e+06 -1.637945558155418839e+05
1.742576463340100134e+06 5.674220030396069400e+06 -1.611139693415576476e+05
1.742517890883800341e+06 5.674269008355227299e+06 -1.584331946947401157e+05
1.742459318427500315e+06 5.674317986314385198e+06 -1.557524200479225838e+05
1.742400745971200522e+06 5.674366964273543097e+06 -1.530716454011050519e+05
1.742342173514900729e+06 5.674415942232700065e+06 -1.503908707542875491e+05
1.742300870000000112e+06 5.674450454318145290e+06 -1.477097756059314706e+05
1.742300870000000112e+06 5.674450367210932076e+06 -1.450279138882897387e+05
1.742300870000000112e+06 5.674450280103718862e+06 -1.423460521706480067e+05
1.742300870000000112e+06 5.674450192996505648e+06 -1.396641904530063039e+05
1.742462299611662049e+06 5.674314868832398206e+06 -1.370367873493984225e+05
1.743458825335278641e+06 5.673479946005806327e+06 -1.346911056497755053e+05
1.744455351058895467e+06 5.672645023179214448e+06 -1.323454239501525590e+05
1.745451876782512059e+06 5.671810100352622569e+06 -1.299997422505296272e+05
1.746448402506128885e+06 5.670975177526030689e+06 -1.276540605509066954e+05
1.747820702485047979e+06 5.669825424523727968e+06 -1.256664667274458188e+05
1.749230435870087473e+06 5.668644309165808372e+06 -1.237145444506809436e+05
1.750640169255127199e+06 5.667463193807888776e+06 -1.217626221739160537e+05
1.752071080804834375e+06 5.666264311379461549e+06 -1.198375020979437541e+05
1.753522963265142869e+06 5.665047835752893239e+06 -1.179389219306727173e+05
1.754974845725451363e+06 5.663831360126325861e+06 -1.160403417634016805e+05
1.756426728185759857e+06 5.662614884499758482e+06 -1.141417615961306437e+05
1.757912042048726697e+06 5.661370349103769287e+06 -1.122877508425347914e+05
1.759397362632431090e+06 5.660125808066905476e+06 -1.104337490487580217e+05
1.760882683216135250e+06 5.658881267030042596e+06 -1.085797472549812665e+05
1.762368003799839644e+06 5.657636725993178785e+06 -1.067257454612044967e+05
1.763905756000802619e+06 5.656348202685462311e+06 -1.049466805782937590e+05
1.765455401987072546e+06 5.655049702273963951e+06 -1.031846146661566891e+05
1.767005047973342706e+06 5.653751201862465590e+06 -1.014225487540196191e+05
1.768554693959612632e+06 5.652452701450966299e+06 -9.966048284188254911e+04
1.770118538719767705e+06 5.651142258374767378e+06 -9.792007599588111043e+04
1.771691021316517377e+06 5.649824549967982806e+06 -9.619284546183292696e+04
1.773263503913266817e+06 5.648506841561197303e+06 -9.446561492778475804e+04
1.774835986510016257e+06 5.647189133154412732e+06 -9.273838439373657457e+04
1.776415852529566968e+06 5.645865224140920676e+06 -9.102313305506645702e+04
1.778045159493078012e+06 5.644499794567519799e+06 -8.938809691513652797e+04
1.779674466456589056e+06 5.643134364994118921e+06 -8.775306077520658437e+04
1.781303773420099868e+06 5.641768935420718044e+06 -8.611802463527665532e+04
1.782933080383610912e+06 5.640403505847317167e+06 -8.448298849534671172e+04
1.784562387347121956e+06 5.639038076273916289e+06 -8.284795235541678267e+04
1.786191694310632767e+06 5.637672646700515412e+06 -8.121291621548683906e+04
1.787821001274143811e+06 5.636307217127114534e+06 -7.957788007555689546e+04
1.789482329860679107e+06 5.634914857259470038e+06 -7.799949558519275161e+04
1.791159191455574473e+06 5.633509434078784660e+06 -7.644859160528343637e+04
1.792836053050469607e+06 5.632104010898100212e+06 -7.489768762537410657e+04
1.794512914645364974e+06 5.630698587717414834e+06 -7.334678364546479133e+04
1.796189776240260107e+06 5.629293164536730386e+06 -7.179587966555547609e+04
1.797866637835155474e+06 5.627887741356045008e+06 -7.024497568564614630e+04
1.799543499430050608e+06 5.626482318175359629e+06 -6.869407170573683106e+04
1.801263272731732344e+06 5.625040812240258791e+06 -6.722651384343503742e+04
1.802996215736672981e+06 5.623588232423366979e+06 -6.578453509972081520e+04
1.804729158741613850e+06 5.622135652606474236e+06 -6.434255635600660753e+04
1.806462101746554486e+06 5.620683072789581493e+06 -6.290057761229239259e+04
1.808195044751495123e+06 5.619230492972689681e+06 -6.145859886857817037e+04
1.809927987756435759e+06 5.617777913155796938e+06 -6.001662012486395543e+04
1.811660930761376629e+06 5.616325333338904195e+06 -5.857464138114974048e+04
1.813465985211998923e+06 5.614812210110404529e+06 -5.730240591772189509e+04
1.815320868660054170e+06 5.613257251394166611e+06 -5.614746303382408223e+04
1.817175752108109649e+06 5.611702292677928694e+06 -5.499252014992626209e+04
1.819030635556164896e+06 5.610147333961690776e+06 -5.383757726602844923e+04
1.820885519004220143e+06 5.608592375245452859e+06 -5.268263438213063637e+04
1.822740402452275390e+06 5.607037416529214941e+06 -5.152769149823283806e+04
1.824591904766933993e+06 5.605485260789248161e+06 -5.036376785597524577e+04
1.826429341196043883e+06 5.603944765737812966e+06 -4.916248327452782542e+04
1.828266777625154005e+06 5.602404270686377771e+06 -4.796119869308043417e+04
1.830104214054263895e+06 5.600863775634942576e+06 -4.675991411163304292e+04
1.831941650483373785e+06 5.599323280583507381e+06 -4.555862953018562257e+04
1.833779086912483908e+06 5.597782785532072186e+06 -4.435734494873820222e+04
1.835713132982947165e+06 5.596161152343827300e+06 -4.345265962740247778e+04
1.837650618299826980e+06 5.594536630685629323e+06 -4.255853306529764086e+04
1.839588103616706561e+06 5.592912109027432278e+06 -4.166440650319278211e+04
1.841525588933586376e+06 5.591287587369234301e+06 -4.077027994108792336e+04
1.843462416442033136e+06 5.589663616057971492e+06 -3.987410001110154553e+04
1.845311544018362416e+06 5.588113017763026990e+06 -3.870416222886187461e+04
1.847160671594691696e+06 5.586562419468081556e+06 -3.753422444662217458e+04
1.849009799171021208e+06 5.585011821173137054e+06 -3.636428666438248183e+04
1.850858926747350488e+06 5.583461222878191620e+06 -3.519434888214280363e+04
1.852729778469353914e+06 5.581892362226160243e+06 -3.409128060848891619e+04
1.854659140875565121e+06 5.580274314691276290e+06 -3.316831519175096037e+04
1.856588503281776328e+06 5.578656267156392336e+06 -3.224534977501300091e+04
1.858517865687987301e+06 5.577038219621508382e+06 -3.132238435827506328e+04
1.860447228094198508e+06 5.575420172086623497e+06 -3.039941894153712565e+04
1.862376590500409715e+06 5.573802124551739544e+06 -2.947645352479916619e+04
1.864316863428356824e+06 5.572174868658103980e+06 -2.859663433056454960e+04
1.866287138997676317e+06 5.570522290869517252e+06 -2.783546213338779853e+04
1.868257414566995809e+06 5.568869713080931455e+06 -2.707428993621104382e+04
1.870227690136315301e+06 5.567217135292345658e+06 -2.631311773903427456e+04
1.872197965705635026e+06 5.565564557503759861e+06 -2.555194554185750894e+04
1.874168241274954518e+06 5.563911979715174064e+06 -2.479077334468075424e+04
1.876138516844274011e+06 5.562259401926587336e+06 -2.402960114750400317e+04
1.878088312211439945e+06 5.560623806597311050e+06 -2.318393161596534992e+04
1.880037190863536438e+06 5.558988971420509741e+06 -2.233447989618618158e+04
1.881986069515632931e+06 5.557354136243708432e+06 -2.148502817640703506e+04
1.883934948167729424e+06 5.555719301066907123e+06 -2.063557645662788491e+04
1.885893385483590653e+06 5.554076336344792508e+06 -1.982534219380509967e+04
1.887857984446694842e+06 5.552428131205010228e+06 -1.904038804768803311e+04
1.889822583409799030e+06 5.550779926065227948e+06 -1.825543390157098474e+04
1.891787182372902986e+06 5.549131720925446600e+06 -1.747047975545393638e+04
1.893751781336007174e+06 5.547483515785664320e+06 -1.668552560933686982e+04
1.895730588631087914e+06 5.545823315115668811e+06 -1.596868933069172272e+04
1.897728157138167648e+06 5.544147275099733844e+06 -1.534179842738536900e+04
1.899725725645247614e+06 5.542471235083798878e+06 -1.471490752407901346e+04
1.901723294152327348e+06 5.540795195067863911e+06 -1.408801662077264518e+04
1.903726423667510739e+06 5.539114337124076672e+06 -1.349266111485352303e+04
1.905730204518287210e+06 5.537432914878307842e+06 -1.290099920663743978e+04
1.907733985369063448e+06 5.535751492632538080e+06 -1.230933729842135654e+04
1.909737766219839919e+06 5.534070070386769250e+06 -1.171767539020526056e+04
1.911705820880810963e+06 5.532418522019498982e+06 -1.096525910631744227e+04
1.913641478160608094e+06 5.530794064014623873e+06 -1.006706682973809075e+04
1.915577135440405458e+06 5.529169606009749696e+06 -9.168874553158741037e+03
1.917512792720202589e+06 5.527545148004874587e+06 -8.270682276579369500e+03
1.919448449999999953e+06 5.525920690000000410e+06 -7.372489999999999782e+03
1.656332449999999953e+06 5.616051299999999814e+06 -2.556446600000000035e+05
1.656885627486838261e+06 5.615587471350464970e+06 -2.530473329672990076e+05
1.657438804973676801e+06 5.615123642700931057e+06 -2.504500059345980117e+05
1.657991982460515108e+06 5.614659814051396213e+06 -2.478526789018969866e+05
1.658545159947353415e+06 5.614195985401861370e+06 -2.452553518691959907e+05
1.659098337434191955e+06 5.613732156752327457e+06 -2.426580248364949948e+05
1.659651514921030262e+06 5.613268328102792613e+06 -2.400606978037939989e+05
1.660204692407868803e+06 5.612804499453257769e+06 -2.374633707710930030e+05
1.660757869894707110e+06 5.612340670803723857e+06 -2.348660437383920071e+05
1.661306358706613537e+06 5.611880770605470054e+06 -2.322670405402957404e+05
1.661845025130388094e+06 5.611429100189359859e+06 -2.296645259136351233e+05
1.662383691554162418e+06 5.610977429773250595e+06 -2.270620112869745062e+05
1.662922357977936976e+06 5.610525759357140400e+06 -2.244594966603138892e+05
1.663461024401711533e+06 5.610074088941031136e+06 -2.218569820336532430e+05
1.663999690825486090e+06 5.609622418524920940e+06 -2.192544674069926259e+05
1.664538357249260647e+06 5.609170748108811677e+06 -2.166519527803320088e+05
1.665090984719967004e+06 5.608707368240293115e+06 -2.140544949659409467e+05
1.665657079280288657e+06 5.608232693212772720e+06 -2.114619150481956603e+05
1.666223173840610310e+06 5.607758018185252324e+06 -2.088693351304503740e+05
1.666789268400931964e+06 5.607283343157731928e+06 -2.062767552127050876e+05
1.667355362961253617e+06 5.606808668130212463e+06 -2.036841752949598012e+05
1.667771457467112457e+06 5.606459743449724279e+06 -2.010506133938500134e+05
1.668049831606017193e+06 5.606226274620234035e+06 -1.983794244811523531e+05
1.668328205744921928e+06 5.605992805790743791e+06 -1.957082355684546928e+05
1.668441596733727260e+06 5.605897655188537203e+06 -1.930259443258021784e+05
1.668375172956723720e+06 5.605953257312478498e+06 -1.903315526785958791e+05
1.668308749179720180e+06 5.606008859436419792e+06 -1.876371610313896090e+05
1.668242325402716640e+06 5.606064461560361087e+06 -1.849427693841833097e+05
1.668191030000000028e+06 5.606107379960090853e+06 -1.822480606768419966e+05
1.668191030000000028e+06 5.606107291971358471e+06 -1.795522769215806038e+05
1.668191030000000028e+06 5.606107203982626088e+06 -1.768564931663192110e+05
1.668191030000000028e+06 5.606107115993894637e+06 -1.741607094110578182e+05
1.668191030000000028e+06 5.606107028005162254e+06 -1.714649256557964254e+05
1.668129518146400806e+06 5.606158508764438331e+06 -1.687712453232772823e+05
1.668021235565553885e+06 5.606249199980016798e+06 -1.660791643347156059e+05
1.667912952984706732e+06 5.606339891195596196e+06 -1.633870833461539296e+05
1.668225469207265647e+06 5.606077801341861486e+06 -1.607246654682694352e+05
1.668555272939038463e+06 5.605801218324323185e+06 -1.580634662281163328e+05
1.668885076670811279e+06 5.605524635306785814e+06 -1.554022669879631721e+05
1.669214880402583862e+06 5.605248052289247513e+06 -1.527410677478100406e+05
1.669544684134356678e+06 5.604971469271709211e+06 -1.500798685076569091e+05
1.670125368756413925e+06 5.604484553000760265e+06 -1.474974824879122898e+05
1.670759707282754825e+06 5.603952654426721856e+06 -1.449319516259251395e+05
1.671394045809095725e+06 5.603420755852683447e+06 -1.423664207639379892e+05
1.672028384335436625e+06 5.602888857278644107e+06 -1.398008899019508681e+05
1.672662722861777525e+06 5.602356958704605699e+06 -1.372353590399637178e+05
1.673646173505072948e+06 5.601532359944778495e+06 -1.348687541886171966e+05
1.674656879712164635e+06 5.600684909762157127e+06 -1.325176797079178796e+05
1.675667585919256322e+06 5.599837459579536691e+06 -1.301666052272185916e+05
1.676678292126347777e+06 5.598990009396915324e+06 -1.278155307465193036e+05
1.677688998333439464e+06 5.598142559214294888e+06 -1.254644562658200011e+05
1.678997833060759353e+06 5.597045136488409713e+06 -1.233848917872936290e+05
1.680340147174251266e+06 5.595919642220418900e+06 -1.213358174752409832e+05
1.681682461287743179e+06 5.594794147952428088e+06 -1.192867431631883373e+05
1.683024775401235325e+06 5.593668653684438206e+06 -1.172376688511356915e+05
1.684367089514727239e+06 5.592543159416447394e+06 -1.151885945390830457e+05
1.685733270745047368e+06 5.591397614868407138e+06 -1.131666581896307034e+05
1.687103643736749655e+06 5.590248548906774260e+06 -1.111494880574151612e+05
1.688474016728451941e+06 5.589099482945140451e+06 -1.091323179251996335e+05
1.689844389720154228e+06 5.587950416983507574e+06 -1.071151477929840912e+05
1.691214762711856514e+06 5.586801351021874696e+06 -1.050979776607685490e+05
1.692665168701014016e+06 5.585585139347773977e+06 -1.031790573973039427e+05
1.694123928326103836e+06 5.584361919178999029e+06 -1.012703921993756230e+05
1.695582687951193657e+06 5.583138699010223150e+06 -9.936172700144730334e+04
1.697041447576283710e+06 5.581915478841448203e+06 -9.745306180351896910e+04
1.698504580397725338e+06 5.580688587551287375e+06 -9.555036072666231485e+04
1.700029218034366379e+06 5.579410065457418561e+06 -9.373153929636762768e+04
1.701553855671007652e+06 5.578131543363548815e+06 -9.191271786607294052e+04
1.703078493307648692e+06 5.576853021269680001e+06 -9.009389643577825336e+04
1.704603130944289733e+06 5.575574499175811186e+06 -8.827507500548356620e+04
1.706127768580930773e+06 5.574295977081941441e+06 -8.645625357518887904e+04
1.707652406217572046e+06 5.573017454988072626e+06 -8.463743214489420643e+04
1.709243778104152530e+06 5.571682910897901282e+06 -8.292034051858517341e+04
1.710855139528400963e+06 5.570331586012166925e+06 -8.123372097745818610e+04
1.712466500952649396e+06 5.568980261126432568e+06 -7.954710143633116968e+04
1.714077862376897829e+06 5.567628936240697280e+06 -7.786048189520416781e+04
1.715689223801146261e+06 5.566277611354962923e+06 -7.617386235407715139e+04
1.717300585225394927e+06 5.564926286469228566e+06 -7.448724281295014953e+04
1.718911946649643360e+06 5.563574961583493277e+06 -7.280062327182314766e+04
1.720587019159592455e+06 5.562170136019427329e+06 -7.122526512795731833e+04
1.722282207989576273e+06 5.560748417998491786e+06 -6.968503697520957212e+04
1.723977396819559857e+06 5.559326699977555312e+06 -6.814480882246181136e+04
1.725672585649543675e+06 5.557904981956618838e+06 -6.660458066971406515e+04
1.727367774479527259e+06 5.556483263935682364e+06 -6.506435251696630439e+04
1.729062963309511077e+06 5.555061545914745890e+06 -6.352412436421855091e+04
1.730810971236909973e+06 5.553595465697562322e+06 -6.208976776406072167e+04
1.732575348547034431e+06 5.552115637010516599e+06 -6.068822225021252962e+04
1.734339725857158890e+06 5.550635808323470876e+06 -5.928667673636434483e+04
1.736104103167283349e+06 5.549155979636425152e+06 -5.788513122251616733e+04
1.737911572748814244e+06 5.547639979069710709e+06 -5.659599979415724374e+04
1.739828628787043504e+06 5.546031991053841077e+06 -5.559274471693042869e+04
1.741745684825272765e+06 5.544424003037971444e+06 -5.458948963970361365e+04
1.743662740863501793e+06 5.542816015022100881e+06 -5.358623456247679860e+04
1.745579796901731053e+06 5.541208027006231248e+06 -5.258297948524998355e+04
1.747496852939960081e+06 5.539600038990361616e+06 -5.157972440802316851e+04
1.749413908978189342e+06 5.537992050974491984e+06 -5.057646933079635346e+04
1.751374148047901923e+06 5.536347763421926647e+06 -4.973670682482353004e+04
1.753357240540840197e+06 5.534684265345077030e+06 -4.898346823337841488e+04
1.755340333033778472e+06 5.533020767268227413e+06 -4.823022964193330699e+04
1.757323425526716746e+06 5.531357269191377796e+06 -4.747699105048819911e+04
1.759297690760442987e+06 5.529701140732015483e+06 -4.668811798332429316e+04
1.761243972519757459e+06 5.528068374847315252e+06 -4.578627933811605180e+04
1.763190254279071931e+06 5.526435608962614089e+06 -4.488444069290778862e+04
1.765136536038386403e+06 5.524802843077913858e+06 -4.398260204769954726e+04
1.767082817797700875e+06 5.523170077193213627e+06 -4.308076340249128407e+04
1.769029099557015346e+06 5.521537311308513395e+06 -4.217892475728303543e+04
1.770975381316329818e+06 5.519904545423812233e+06 -4.127708611207477225e+04
1.772925109255382791e+06 5.518268851182037964e+06 -4.038837401771926670e+04
1.774883886959421914e+06 5.516625466992167756e+06 -3.953413261535253696e+04
1.776842664663461037e+06 5.514982082802297547e+06 -3.867989121298582177e+04
1.778801442367500393e+06 5.513338698612428270e+06 -3.782564981061909202e+04
1.780728705042775720e+06 5.511721714417840354e+06 -3.686743384945068101e+04
1.782605312885772903e+06 5.510147163544295356e+06 -3.574209718289576995e+04
1.784481920728770318e+06 5.508572612670750357e+06 -3.461676051634082978e+04
1.786358528571767500e+06 5.506998061797205359e+06 -3.349142384978591872e+04
1.788305322562760673e+06 5.505364561900741421e+06 -3.260263442585507437e+04
1.790272810279920930e+06 5.503713681438839063e+06 -3.178358873347594272e+04
1.792240297997081187e+06 5.502062800976935774e+06 -3.096454304109679651e+04
1.794196201865548734e+06 5.500421586009247229e+06 -3.010043127624866247e+04
1.796144851421666099e+06 5.498786423996486701e+06 -2.920809716710377324e+04
1.798093500977783464e+06 5.497151261983727105e+06 -2.831576305795890585e+04
1.800014914870704291e+06 5.495538891836878844e+06 -2.732999698184691806e+04
1.801925570381052792e+06 5.493935524724444374e+06 -2.630732426469292113e+04
1.803836225891401060e+06 5.492332157612008974e+06 -2.528465154753889874e+04
1.805781578422216699e+06 5.490699621558925137e+06 -2.439261224669759395e+04
1.807766755845904583e+06 5.489033605687663890e+06 -2.365051267382378865e+04
1.809751933269592468e+06 5.487367589816402644e+06 -2.290841310095000154e+04
1.811737110693280119e+06 5.485701573945141397e+06 -2.216631352807619623e+04
1.813722288116968004e+06 5.484035558073881082e+06 -2.142421395520240912e+04
1.815714472018091241e+06 5.482363587119443342e+06 -2.071592348625071099e+04
1.817714024799561594e+06 5.480685353061216883e+06 -2.004319086269566833e+04
1.819713577581031714e+06 5.479007119002989493e+06 -1.937045823914064022e+04
1.821713130362502066e+06 5.477328884944763035e+06 -1.869772561558559755e+04
1.823712683143972186e+06 5.475650650886535645e+06 -1.802499299203056944e+04
1.825733384943159064e+06 5.473954585297081620e+06 -1.748448911662161845e+04
1.827771737933173543e+06 5.472243637325634249e+06 -1.705434473391729989e+04
1.829810090923187789e+06 5.470532689354185946e+06 -1.662420035121297042e+04
1.831848443913202267e+06 5.468821741382738575e+06 -1.619405596850865186e+04
1.833879407167310594e+06 5.467116954350012355e+06 -1.571561724774182039e+04
1.835888319571267813e+06 5.465430551456891000e+06 -1.509306901814612866e+04
1.837897231975224800e+06 5.463744148563769646e+06 -1.447052078855042419e+04
1.839906144379182020e+06 5.462057745670648292e+06 -1.384797255895473427e+04
1.841915056783139240e+06 5.460371342777527869e+06 -1.322542432935902980e+04
1.843923969187096227e+06 5.458684939884406514e+06 -1.260287609976333806e+04
1.845946967603536556e+06 5.456986571510232985e+06 -1.206479093268177166e+04
1.847971354136973154e+06 5.455287023988474160e+06 -1.153502924343305313e+04
1.849995740670409985e+06 5.453587476466715336e+06 -1.100526755418433459e+04
1.852001475756363245e+06 5.451903540136929601e+06 -1.037706078489931861e+04
1.853981832878181711e+06 5.450240845068464987e+06 -9.614905392449667488e+03
1.855962189999999944e+06 5.448578150000000373e+06 -8.852750000000000000e+03
1.594370239999999991e+06 5.537557919999999925e+06 -2.072482600000000093e+05
1.594988235808269121e+06 5.537039455782194622e+06 -2.052595304517816112e+05
1.595606231616538251e+06 5.536520991564389318e+06 -2.032708009035632131e+05
1.596224227424807381e+06 5.536002527346584946e+06 -2.012820713553448149e+05
1.596842223233076511e+06 5.535484063128779642e+06 -1.992933418071264168e+05
1.597460219041345641e+06 5.534965598910974339e+06 -1.973046122589080187e+05
1.598078214849614771e+06 5.534447134693169035e+06 -1.953158827106896206e+05
1.598696210657884134e+06 5.533928670475364663e+06 -1.933271531624712225e+05
1.599314206466153264e+06 5.533410206257559359e+06 -1.913384236142528243e+05
1.599932202274422394e+06 5.532891742039754055e+06 -1.893496940660344553e+05
1.600550198082691524e+06 5.532373277821948752e+06 -1.873609645178160572e+05
1.601170824195523513e+06 5.531852606903710403e+06 -1.853737169516970171e+05
1.601855648012395948e+06 5.531278077164962888e+06 -1.834226400441204023e+05
1.602540471829268150e+06 5.530703547426215373e+06 -1.814715631365437876e+05
1.603225295646140585e+06 5.530129017687467858e+06 -1.795204862289671728e+05
1.603910119463012787e+06 5.529554487948721275e+06 -1.775694093213905289e+05
1.604594943279885221e+06 5.528979958209973760e+06 -1.756183324138139142e+05
1.605279767096757423e+06 5.528405428471226245e+06 -1.736672555062372994e+05
1.605964591107154498e+06 5.527830898390402086e+06 -1.717161787673195067e+05
1.606649420772436075e+06 5.527256358313928358e+06 -1.697651069566944207e+05
1.607334250437717419e+06 5.526681818237455562e+06 -1.678140351460693637e+05
1.608019080102998996e+06 5.526107278160981834e+06 -1.658629633354443067e+05
1.608703909768280573e+06 5.525532738084508106e+06 -1.639118915248192206e+05
1.609388739433561917e+06 5.524958198008035310e+06 -1.619608197141941637e+05
1.610073569098843494e+06 5.524383657931561582e+06 -1.600097479035690776e+05
1.610765080755656585e+06 5.523803512361562811e+06 -1.580636343701611040e+05
1.611699166089398554e+06 5.523019872792955488e+06 -1.562975191995280329e+05
1.612633251423140289e+06 5.522236233224347234e+06 -1.545314040288949618e+05
1.613567336756882258e+06 5.521452593655739911e+06 -1.527652888582619198e+05
1.614501422090623993e+06 5.520668954087132588e+06 -1.509991736876288487e+05
1.615435507424365962e+06 5.519885314518524334e+06 -1.492330585169957776e+05
1.616373704618024407e+06 5.519098219680200331e+06 -1.474706717951925821e+05
1.617314784049466718e+06 5.518308702845715918e+06 -1.457108985564139439e+05
1.618255863480909029e+06 5.517519186011231504e+06 -1.439511253176353057e+05
1.619196942912351340e+06 5.516729669176747091e+06 -1.421913520788566384e+05
1.620027679925891338e+06 5.516032712486976758e+06 -1.403509415769072075e+05
1.620685135640661465e+06 5.515481111884151585e+06 -1.383838986342599092e+05
1.621342591355431825e+06 5.514929511281327344e+06 -1.364168556916126108e+05
1.621900331739781424e+06 5.514461560689020902e+06 -1.344055414908254461e+05
1.622298044289614772e+06 5.514127855553098023e+06 -1.323231787006029626e+05
1.622695756839447888e+06 5.513794150417175144e+06 -1.302408159103804792e+05
1.623093469389281236e+06 5.513460445281252265e+06 -1.281584531201579957e+05
1.623479164099238114e+06 5.513136821755005047e+06 -1.260726713985728857e+05
1.623781344758336665e+06 5.512883257080588490e+06 -1.239631309307709162e+05
1.624083525417435216e+06 5.512629692406171933e+06 -1.218535904629689467e+05
1.624525340801861370e+06 5.512258987252731808e+06 -1.198051995910659607e+05
1.625258979601491708e+06 5.511643469538757578e+06 -1.178846056111732905e+05
1.625992618401122047e+06 5.511027951824783348e+06 -1.159640116312806349e+05
1.626726257200752618e+06 5.510412434110809118e+06 -1.140434176513879793e+05
1.627719431585520506e+06 5.509579191724343225e+06 -1.123408015182378294e+05
1.628754475385145051e+06 5.508710825042177923e+06 -1.106733505239642982e+05
1.629789519184769364e+06 5.507842458360012621e+06 -1.090058995296907524e+05
1.630872813702480868e+06 5.506933609799900092e+06 -1.073964357837995776e+05
1.632060536043623462e+06 5.505937147322936915e+06 -1.059124723905537394e+05
1.633248258384766057e+06 5.504940684845972806e+06 -1.044285089973079157e+05
1.634435980725908652e+06 5.503944222369009629e+06 -1.029445456040620775e+05
1.635623703067051247e+06 5.502947759892045520e+06 -1.014605822108162538e+05
1.636810793482145527e+06 5.501951825150921009e+06 -9.997576407552461023e+04
1.637991322860047920e+06 5.500961369681430049e+06 -9.848207149302829930e+04
1.639171852237950312e+06 5.499970914211939089e+06 -9.698837891053197382e+04
1.640352381615852471e+06 5.498980458742448129e+06 -9.549468632803566288e+04
1.641532910993754864e+06 5.497990003272958100e+06 -9.400099374553936650e+04
1.642713440371657256e+06 5.496999547803467140e+06 -9.250730116304304102e+04
1.643893969749559648e+06 5.496009092333976179e+06 -9.101360858054673008e+04
1.645074499127461808e+06 5.495018636864485219e+06 -8.951991599805041915e+04
1.646368635175948264e+06 5.493932846149885096e+06 -8.819807885679295578e+04
1.647673323226061417e+06 5.492838200518084690e+06 -8.689220397273571871e+04
1.648978011276174570e+06 5.491743554886284284e+06 -8.558632908867848164e+04
1.650282699326287955e+06 5.490648909254483879e+06 -8.428045420462124457e+04
1.651587387376401108e+06 5.489554263622683473e+06 -8.297457932056399295e+04
1.652892075426514260e+06 5.488459617990883067e+06 -8.166870443650675588e+04
1.654196763476627413e+06 5.487364972359082662e+06 -8.036282955244951881e+04
1.655515814133957960e+06 5.486258255117785186e+06 -7.908209692584647564e+04
1.656846181462149369e+06 5.485142026342169382e+06 -7.782117453620154993e+04
1.658176548790340777e+06 5.484025797566553578e+06 -7.656025214655660966e+04
1.659506916118532419e+06 5.482909568790938705e+06 -7.529932975691168394e+04
1.660837283446723828e+06 5.481793340015322901e+06 -7.403840736726674368e+04
1.662167650774915237e+06 5.480677111239707097e+06 -7.277748497762181796e+04
1.663508306567102904e+06 5.479552232884279452e+06 -7.153560482748030336e+04
1.664863991551329847e+06 5.478414719387580641e+06 -7.032154121773484803e+04
1.666219676535556791e+06 5.477277205890880898e+06 -6.910747760798937816e+04
1.667575361519783735e+06 5.476139692394182086e+06 -6.789341399824392283e+04
1.668931046504010912e+06 5.475002178897483274e+06 -6.667935038849845296e+04
1.670286731488237856e+06 5.473864665400783531e+06 -6.546528677875299763e+04
1.671642416472464800e+06 5.472727151904084720e+06 -6.425122316900753503e+04
1.672998101456691744e+06 5.471589638407385908e+06 -6.303715955926205788e+04
1.674378394877117826e+06 5.470431451590145007e+06 -6.187286869058854791e+04
1.675783850806562230e+06 5.469252125980891287e+06 -6.075947122432218021e+04
1.677189306736006634e+06 5.468072800371638499e+06 -5.964607375805581250e+04
1.678594762665450806e+06 5.466893474762384780e+06 -5.853267629178944480e+04
1.680000218594895210e+06 5.465714149153131060e+06 -5.741927882552308438e+04
1.681405674524339382e+06 5.464534823543878272e+06 -5.630588135925671668e+04
1.682811130453783786e+06 5.463355497934624553e+06 -5.519248389299033443e+04
1.684216586383228190e+06 5.462176172325370833e+06 -5.407908642672396672e+04
1.685697705085712485e+06 5.460933311121005565e+06 -5.315156457014934858e+04
1.687190871746071381e+06 5.459680332997279242e+06 -5.225364011564627435e+04
1.688684038406430511e+06 5.458427354873552918e+06 -5.135571566114320740e+04
1.690177205066789407e+06 5.457174376749826595e+06 -5.045779120664014044e+04
1.691670371727148304e+06 5.455921398626099341e+06 -4.955986675213707349e+04
1.693163538387507433e+06 5.454668420502373017e+06 -4.866194229763399926e+04
1.694656705047866330e+06 5.453415442378646694e+06 -4.776401784313093231e+04
1.696118668033566326e+06 5.452188582450828515e+06 -4.678322530547151837e+04
1.697575893054616405e+06 5.450965688308781013e+06 -4.578985008154595562e+04
1.699033118075666483e+06 5.449742794166732579e+06 -4.479647485762038559e+04
1.700490343096716795e+06 5.448519900024684146e+06 -4.380309963369482284e+04
1.701947568117766874e+06 5.447297005882635713e+06 -4.280972440976926009e+04
1.703404793138816953e+06 5.446074111740588211e+06 -4.181634918584369007e+04
1.704862018159867031e+06 5.444851217598539777e+06 -4.082297396191812732e+04
1.706319243180917343e+06 5.443628323456491344e+06 -3.982959873799255001e+04
1.707776468201967422e+06 5.442405429314443842e+06 -3.883622351406697999e+04
1.709275724646850955e+06 5.441147218400022015e+06 -3.796348033643556118e+04
1.710806622932227096e+06 5.439862420528123155e+06 -3.718155064117108122e+04
1.712337521217603236e+06 5.438577622656224295e+06 -3.639962094590660126e+04
1.713868419502979377e+06 5.437292824784326367e+06 -3.561769125064212130e+04
1.715399317788355518e+06 5.436008026912427507e+06 -3.483576155537764134e+04
1.716930216073731659e+06 5.434723229040528648e+06 -3.405383186011316138e+04
1.718461114359108033e+06 5.433438431168629788e+06 -3.327190216484868142e+04
1.719992377695976757e+06 5.432153326125739142e+06 -3.249130902749425513e+04
1.721556476748157991e+06 5.430840591612879187e+06 -3.183093683406748460e+04
1.723120575800339226e+06 5.429527857100019231e+06 -3.117056464064071406e+04
1.724684674852520460e+06 5.428215122587158345e+06 -3.051019244721394352e+04
1.726248773904701695e+06 5.426902388074298389e+06 -2.984982025378717663e+04
1.727812872956882697e+06 5.425589653561438434e+06 -2.918944806036040609e+04
1.729373379934912082e+06 5.424279899440235458e+06 -2.851504091269567652e+04
1.730928857666114578e+06 5.422974318151954561e+06 -2.782098348887177417e+04
1.732484335397316841e+06 5.421668736863674596e+06 -2.712692606504787182e+04
1.734039813128519338e+06 5.420363155575393699e+06 -2.643286864122396946e+04
1.735595290859721601e+06 5.419057574287113734e+06 -2.573881121740006711e+04
1.737150768590924097e+06 5.417751992998832837e+06 -2.504475379357616475e+04
1.738706246322126593e+06 5.416446411710552871e+06 -2.435069636975226604e+04
1.740261724053328857e+06 5.415140830422272906e+06 -2.365663894592836004e+04
1.741826624444869580e+06 5.413827298166490160e+06 -2.300142220697163066e+04
1.743403894580371445e+06 5.412503328154413030e+06 -2.239719418137563116e+04
1.744981164715873543e+06 5.411179358142336830e+06 -2.179296615577963166e+04
1.746558434851375408e+06 5.409855388130260631e+06 -2.118873813018362853e+04
1.748135704986877507e+06 5.408531418118184432e+06 -2.058451010458762903e+04
1.749712975122379372e+06 5.407207448106108233e+06 -1.998028207899162953e+04
1.751290245257881470e+06 5.405883478094032034e+06 -1.937605405339561185e+04
1.752868939204744995e+06 5.404558303156245500e+06 -1.877861244379535856e+04
1.754461128651128151e+06 5.403221707411756739e+06 -1.824549541838734876e+04
1.756053318097511306e+06 5.401885111667267978e+06 -1.771237839297933897e+04
1.757645507543894462e+06 5.400548515922779217e+06 -1.717926136757132917e+04
1.759237696990277618e+06 5.399211920178289525e+06 -1.664614434216331938e+04
1.760829886436660774e+06 5.397875324433800764e+06 -1.611302731675530958e+04
1.762422075883043930e+06 5.396538728689312004e+06 -1.557991029134729979e+04
1.764014265329427086e+06 5.395202132944823243e+06 -1.504679326593929000e+04
1.765622159110281616e+06 5.393852316014793701e+06 -1.461487278628340209e+04
1.767247559406854445e+06 5.392487760676529258e+06 -1.429576185752226957e+04
1.768872959703427274e+06 5.391123205338264816e+06 -1.397665092876113522e+04
1.770498360000000102e+06 5.389758650000000373e+06 -1.365754000000000087e+04
1.514929290000000037e+06 5.408504110000000335e+06 -2.279416900000000023e+05
1.515393277656965656e+06 5.408114587987992913e+06 -2.259293005738166394e+05
1.515857265313931042e+06 5.407725065975986421e+06 -2.239169111476332473e+05
1.516321252970896661e+06 5.407335543963978998e+06 -2.219045217214498844e+05
1.516785240627862280e+06 5.406946021951972507e+06 -2.198921322952664923e+05
1.517249228284827899e+06 5.406556499939965084e+06 -2.178797428690831293e+05
1.517713215941793285e+06 5.406166977927958593e+06 -2.158673534428997373e+05
1.518177203598758904e+06 5.405777455915951170e+06 -2.138549640167163743e+05
1.518641191255724523e+06 5.405387933903944679e+06 -2.118425745905329823e+05
1.519105178912690142e+06 5.404998411891937256e+06 -2.098301851643496193e+05
1.519556995555655099e+06 5.404619106317049824e+06 -2.078132635171309230e+05
1.519975862127211411e+06 5.404267459270251915e+06 -2.057840719796016929e+05
1.520394728698767954e+06 5.403915812223454937e+06 -2.037548804420724628e+05
1.520813595270324266e+06 5.403564165176657028e+06 -2.017256889045432326e+05
1.521232461841880577e+06 5.403212518129859120e+06 -1.996964973670140316e+05
1.521651328413436888e+06 5.402860871083062142e+06 -1.976673058294848015e+05
1.522070194984993199e+06 5.402509224036264233e+06 -1.956381142919555714e+05
1.522371891043400159e+06 5.402255926920215599e+06 -1.935789240980120667e+05
1.522570990155474748e+06 5.402088747055816464e+06 -1.914934664545247797e+05
1.522770089267549338e+06 5.401921567191417329e+06 -1.894080088110374927e+05
1.522969188379623927e+06 5.401754387327018194e+06 -1.873225511675502057e+05
1.523168287491698749e+06 5.401587207462619059e+06 -1.852370935240628896e+05
1.523367386603773339e+06 5.401420027598219924e+06 -1.831516358805756026e+05
1.523566485715847928e+06 5.401252847733819857e+06 -1.810661782370883157e+05
1.523808809113834752e+06 5.401049386693809181e+06 -1.789895058718037908e+05
1.524104642150384141e+06 5.400801011260127649e+06 -1.769237092688686680e+05
1.524400475186933530e+06 5.400552635826445185e+06 -1.748579126659335452e+05
1.524696308223482920e+06 5.400304260392763652e+06 -1.727921160629984224e+05
1.524992141260032309e+06 5.400055884959082119e+06 -1.707263194600632996e+05
1.525287974296581931e+06 5.399807509525399655e+06 -1.686605228571281768e+05
1.525583807333131321e+06 5.399559134091718122e+06 -1.665947262541930540e+05
1.525879640369680710e+06 5.399310758658035658e+06 -1.645289296512579313e+05
1.526175473406230099e+06 5.399062383224354126e+06 -1.624631330483228085e+05
1.526460752499700058e+06 5.398822868661206216e+06 -1.603948147877077572e+05
1.526744346703726565e+06 5.398584768696101382e+06 -1.583260939558097743e+05
1.527027940907752840e+06 5.398346668730996549e+06 -1.562573731239117624e+05
1.527311535111779114e+06 5.398108568765891716e+06 -1.541886522920137795e+05
1.527595129315805389e+06 5.397870468800786883e+06 -1.521199314601157967e+05
1.527878723519831896e+06 5.397632368835682049e+06 -1.500512106282177847e+05
1.528162317723858170e+06 5.397394268870577216e+06 -1.479824897963198018e+05
1.528473936317395885e+06 5.397132646779797040e+06 -1.459206915189664578e+05
1.528788763305449393e+06 5.396868331739757210e+06 -1.438596857757744147e+05
1.529103590293503134e+06 5.396604016699716449e+06 -1.417986800325824006e+05
1.529418417281556642e+06 5.396339701659675688e+06 -1.397376742893903574e+05
1.529733244269610150e+06 5.396075386619635858e+06 -1.376766685461983434e+05
1.530048071257663891e+06 5.395811071579595096e+06 -1.356156628030063002e+05
1.530362898245717399e+06 5.395546756539554335e+06 -1.335546570598142571e+05
1.530683361472151708e+06 5.395277711469776928e+06 -1.314951376873634872e+05
1.531005942346638069e+06 5.395006889232750982e+06 -1.294361767742773081e+05
1.531328523221124429e+06 5.394736066995725036e+06 -1.273772158611911291e+05
1.531651104095610790e+06 5.394465244758698158e+06 -1.253182549481049646e+05
1.531973684970097151e+06 5.394194422521672212e+06 -1.232592940350187710e+05
1.532296265844583511e+06 5.393923600284645334e+06 -1.212003331219325919e+05
1.532618846719069872e+06 5.393652778047619388e+06 -1.191413722088464128e+05
1.533017490012133960e+06 5.393318116588867269e+06 -1.171061992382563185e+05
1.533444432813554769e+06 5.392959703340171836e+06 -1.150798767235159758e+05
1.533871375614975579e+06 5.392601290091476403e+06 -1.130535542087756476e+05
1.534298318416396156e+06 5.392242876842780970e+06 -1.110272316940353048e+05
1.534725261217816966e+06 5.391884463594085537e+06 -1.090009091792949621e+05
1.535295440919799032e+06 5.391405827792583033e+06 -1.070486503078462556e+05
1.536046938753216062e+06 5.390775006845032796e+06 -1.051901457787231629e+05
1.536798436586632859e+06 5.390144185897483490e+06 -1.033316412496000703e+05
1.537563834903471172e+06 5.389501698167542927e+06 -1.014847334876238747e+05
1.538539912193393800e+06 5.388682385959005915e+06 -9.981358903686323902e+04
1.539515989483316662e+06 5.387863073750468902e+06 -9.814244458610257425e+04
1.540492066773239290e+06 5.387043761541931890e+06 -9.647130013534190948e+04
1.541526633151814574e+06 5.386175360974028707e+06 -9.486877021400738158e+04
1.542695364200582961e+06 5.385194359514296055e+06 -9.342363111415690219e+04
1.543864095249351114e+06 5.384213358054564334e+06 -9.197849201430645189e+04
1.545032826298119500e+06 5.383232356594831683e+06 -9.053335291445598705e+04
1.546201557346887654e+06 5.382251355135099031e+06 -8.908821381460550765e+04
1.547447878067023121e+06 5.381205244858380407e+06 -8.775854641484998865e+04
1.548697637761246879e+06 5.380156248791188002e+06 -8.643399701827114040e+04
1.549947397455470636e+06 5.379107252723994665e+06 -8.510944762169230671e+04
1.551197157149694394e+06 5.378058256656802259e+06 -8.378489822511344391e+04
1.552448180141305085e+06 5.377008200954743661e+06 -8.246239204278368561e+04
1.553703792147140251e+06 5.375954296056509018e+06 -8.114730797606075066e+04
1.554959404152975651e+06 5.374900391158274375e+06 -7.983222390933781571e+04
1.556215016158810817e+06 5.373846486260040663e+06 -7.851713984261488076e+04
1.557470628164645983e+06 5.372792581361806020e+06 -7.720205577589193126e+04
1.558766548510069260e+06 5.371704851983739063e+06 -7.595657926441509335e+04
1.560078068284405163e+06 5.370604032446811907e+06 -7.473804105208320834e+04
1.561389588058741298e+06 5.369503212909883820e+06 -7.351950283975130878e+04
1.562701107833077200e+06 5.368402393372956663e+06 -7.230096462741942378e+04
1.564012627607413335e+06 5.367301573836028576e+06 -7.108242641508752422e+04
1.565324147381749237e+06 5.366200754299101420e+06 -6.986388820275563921e+04
1.566638073494552169e+06 5.365097915447491221e+06 -6.865001983654023206e+04
1.567996925228861859e+06 5.363957376593016088e+06 -6.752333610458018666e+04
1.569355776963171549e+06 5.362816837738540024e+06 -6.639665237262014125e+04
1.570714628697481239e+06 5.361676298884063959e+06 -6.526996864066008129e+04
1.572073480431791162e+06 5.360535760029587895e+06 -6.414328490870004316e+04
1.573432332166100852e+06 5.359395221175112762e+06 -6.301660117673998320e+04
1.574791183900410542e+06 5.358254682320636697e+06 -6.188991744477993052e+04
1.576166837670031236e+06 5.357100048827484250e+06 -6.079870653878292069e+04
1.577546163389183348e+06 5.355942335064535961e+06 -5.971524793328162923e+04
1.578925489108335460e+06 5.354784621301587671e+06 -5.863178932778035960e+04
1.580304814827487571e+06 5.353626907538640313e+06 -5.754833072227906814e+04
1.581684140546639683e+06 5.352469193775692023e+06 -5.646487211677778396e+04
1.583066657123470446e+06 5.351308800076835789e+06 -5.538838242768566124e+04
1.584450503388778307e+06 5.350147289599904791e+06 -5.431479681291532324e+04
1.585834349654086400e+06 5.348985779122973792e+06 -5.324121119814499980e+04
1.587218195919394260e+06 5.347824268646042794e+06 -5.216762558337466908e+04
1.588602042184702354e+06 5.346662758169111796e+06 -5.109403996860433108e+04
1.590001642971532419e+06 5.345488025989561342e+06 -5.005962687789952906e+04
1.591464299090529326e+06 5.344260375741419382e+06 -4.918199649324535858e+04
1.592926955209526466e+06 5.343032725493278354e+06 -4.830436610859119537e+04
1.594389611328523373e+06 5.341805075245137326e+06 -4.742673572393701761e+04
1.595852267447520280e+06 5.340577424996995367e+06 -4.654910533928284713e+04
1.597301451812456595e+06 5.339361079228656366e+06 -4.563486071874349727e+04
1.598740449426366016e+06 5.338153281413368881e+06 -4.469293001491385803e+04
1.600179447040275671e+06 5.336945483598080464e+06 -4.375099931108423334e+04
1.601618444654185325e+06 5.335737685782792047e+06 -4.280906860725459410e+04
1.603057442268094979e+06 5.334529887967504561e+06 -4.186713790342496941e+04
1.604498345578959910e+06 5.333320490089395083e+06 -4.093039442601770133e+04
1.605961658641005633e+06 5.332092276517844759e+06 -4.005464934245929180e+04
1.607424971703051124e+06 5.330864062946295366e+06 -3.917890425890089682e+04
1.608888284765096847e+06 5.329635849374745972e+06 -3.830315917534249456e+04
1.610351597827142337e+06 5.328407635803195648e+06 -3.742741409178409958e+04
1.611814910889188061e+06 5.327179422231646255e+06 -3.655166900822569733e+04
1.613278223951233551e+06 5.325951208660095930e+06 -3.567592392466728779e+04
1.614739787129857112e+06 5.324724460976886563e+06 -3.479525027656611928e+04
1.616197775502420962e+06 5.323500707931180485e+06 -3.390450815066094947e+04
1.617655763874984812e+06 5.322276954885473475e+06 -3.301376602475578693e+04
1.619113752247548662e+06 5.321053201839767396e+06 -3.212302389885061712e+04
1.620571740620112279e+06 5.319829448794061318e+06 -3.123228177294544730e+04
1.622029728992676130e+06 5.318605695748354308e+06 -3.034153964704027749e+04
1.623512275570475031e+06 5.317361324424679391e+06 -2.952660675736168196e+04
1.625017306763096480e+06 5.316098075742743909e+06 -2.878108209439247003e+04
1.626522337955717696e+06 5.314834827060809359e+06 -2.803555743142325446e+04
1.628027369148339145e+06 5.313571578378873877e+06 -2.729003276845404253e+04
1.629532400340960361e+06 5.312308329696939327e+06 -2.654450810548482696e+04
1.631037431533581577e+06 5.311045081015003845e+06 -2.579898344251563321e+04
1.632542462726203026e+06 5.309781832333069295e+06 -2.505345877954641765e+04
1.634057318313235883e+06 5.308510327621486969e+06 -2.434338780060069621e+04
1.635579158220778452e+06 5.307232953565211967e+06 -2.365852141769372611e+04
1.637100998128320789e+06 5.305955579508936964e+06 -2.297365503478675237e+04
1.638622838035863359e+06 5.304678205452661961e+06 -2.228878865187980045e+04
1.640144677943405695e+06 5.303400831396386959e+06 -2.160392226897283035e+04
1.641666517850948265e+06 5.302123457340112887e+06 -2.091905588606585661e+04
1.643193978020282462e+06 5.300841350692554377e+06 -2.025610459228412947e+04
1.644724454253686592e+06 5.299556704341499135e+06 -1.960491383837680041e+04
1.646254930487090955e+06 5.298272057990444824e+06 -1.895372308446949319e+04
1.647785406720495317e+06 5.296987411639389582e+06 -1.830253233056216413e+04
1.649315882953899447e+06 5.295702765288334340e+06 -1.765134157665483872e+04
1.650846359187303809e+06 5.294418118937279098e+06 -1.700015082274750966e+04
1.652376835420708172e+06 5.293133472586223856e+06 -1.634896006884018425e+04
1.653912873725865735e+06 5.291844151984844357e+06 -1.572182180299078755e+04
1.655463532483910443e+06 5.290542544656563550e+06 -1.515790786866052440e+04
1.657014191241955385e+06 5.289240937328281812e+06 -1.459399393433026307e+04
1.658564850000000093e+06 5.287939330000000075e+06 -1.403007999999999993e+04
