1.709229640398419008e+02 -4.250000000000000000e+01 0.000000000000000000e+00
1.743619889051033169e+02 -4.250000000000000000e+01 0.000000000000000000e+00
1.745661580149574661e+02 -4.231834398391769270e+01 0.000000000000000000e+00
1.748871899418272164e+02 -4.220936997084968567e+01 0.000000000000000000e+00
1.749649160939586920e+02 -4.219981465294903700e+01 0.000000000000000000e+00
1.750426192412977855e+02 -4.219020654819778571e+01 0.000000000000000000e+00
1.750652105604826829e+02 -4.218747731203269780e+01 0.000000000000000000e+00
1.751329175721031675e+02 -4.215807900754025894e+01 0.000000000000000000e+00
1.752005620528914847e+02 -4.212864042026643574e+01 0.000000000000000000e+00
1.752681440060120224e+02 -4.209916167256065478e+01 0.000000000000000000e+00
1.753356634349470085e+02 -4.206964288705544419e+01 0.000000000000000000e+00
1.754031203440685829e+02 -4.204008418615048015e+01 0.000000000000000000e+00
1.754705147382150585e+02 -4.201048569236107255e+01 0.000000000000000000e+00
1.755378466229021797e+02 -4.198084752819615062e+01 0.000000000000000000e+00
1.756074420441274242e+02 -4.195466102805171005e+01 0.000000000000000000e+00
1.756797170876748737e+02 -4.193253277860288364e+01 0.000000000000000000e+00
1.757519419667739271e+02 -4.191035910585218716e+01 0.000000000000000000e+00
1.758241165997928022e+02 -4.188814011541273175e+01 0.000000000000000000e+00
1.758962409061182370e+02 -4.186587591325571367e+01 0.000000000000000000e+00
1.759710127551713015e+02 -4.184934245611621861e+01 0.000000000000000000e+00
1.760459758673236763e+02 -4.183325218726290728e+01 0.000000000000000000e+00
1.761209008604203632e+02 -4.181711321742346144e+01 0.000000000000000000e+00
1.761957875959936928e+02 -4.180092562988232885e+01 0.000000000000000000e+00
1.762657116660451209e+02 -4.177653725862453626e+01 0.000000000000000000e+00
1.763314112426502049e+02 -4.174521199314555986e+01 0.000000000000000000e+00
1.763970465510526822e+02 -4.171384964187482325e+01 0.000000000000000000e+00
1.764626176203070713e+02 -4.168245032866198585e+01 0.000000000000000000e+00
1.765281244802663707e+02 -4.165101417749815482e+01 0.000000000000000000e+00
1.766029325147049178e+02 -4.163663006833067470e+01 0.000000000000000000e+00
1.766789494100422075e+02 -4.162446033802934409e+01 0.000000000000000000e+00
1.767549365001968340e+02 -4.161224071173402450e+01 0.000000000000000000e+00
1.768289816742006622e+02 -4.159602039767090531e+01 0.000000000000000000e+00
1.768976970427718811e+02 -4.156884200199873902e+01 0.000000000000000000e+00
1.769663539301666901e+02 -4.154162336245362042e+01 0.000000000000000000e+00
1.770349523158030820e+02 -4.151436459747656471e+01 0.000000000000000000e+00
1.771034921796800461e+02 -4.148706582546395794e+01 0.000000000000000000e+00
1.771709421056726228e+02 -4.145832410216450370e+01 0.000000000000000000e+00
1.772381045313944981e+02 -4.142923548183703986e+01 0.000000000000000000e+00
1.773052060291912255e+02 -4.140010872920281315e+01 0.000000000000000000e+00
1.773707020956339875e+02 -4.136905815495812533e+01 0.000000000000000000e+00
1.774353530450592018e+02 -4.133701784862969220e+01 0.000000000000000000e+00
1.774999397731107251e+02 -4.130494248808058444e+01 0.000000000000000000e+00
1.775604769725708536e+02 -4.126885493083160128e+01 0.000000000000000000e+00
1.776189940787953105e+02 -4.123078943992690881e+01 0.000000000000000000e+00
1.776774429318492423e+02 -4.119269565842883196e+01 0.000000000000000000e+00
1.777358236428507325e+02 -4.115457370632523748e+01 0.000000000000000000e+00
1.777822072609280610e+02 -4.110832057665668060e+01 0.000000000000000000e+00
1.778261090867016492e+02 -4.106040826136591448e+01 0.000000000000000000e+00
1.778699480271098707e+02 -4.101248060019425168e+01 0.000000000000000000e+00
1.779136976675115420e+02 -4.096452398133268247e+01 0.000000000000000000e+00
1.779563303858587346e+02 -4.091600959729190379e+01 0.000000000000000000e+00
1.779989017324683971e+02 -4.086748089646095394e+01 0.000000000000000000e+00
1.780414119020892088e+02 -4.081893795993327245e+01 0.000000000000000000e+00
1.780744715437204775e+02 -4.076697301529101480e+01 0.000000000000000000e+00
1.780974482182166696e+02 -4.071135745401362271e+01 0.000000000000000000e+00
1.781203888789227108e+02 -4.065573802863909947e+01 0.000000000000000000e+00
1.781432936773584572e+02 -4.060011476632280392e+01 0.000000000000000000e+00
1.781530641915226738e+02 -4.054325347239478816e+01 0.000000000000000000e+00
1.781486481455068542e+02 -4.048505390614836585e+01 0.000000000000000000e+00
1.781471619968889399e+02 -4.042767057198758351e+01 0.000000000000000000e+00
1.781996787397402215e+02 -4.038539889301792130e+01 0.000000000000000000e+00
1.782521299056820396e+02 -4.034310525267000003e+01 0.000000000000000000e+00
1.782936879041420752e+02 -4.029447940291179009e+01 0.000000000000000000e+00
1.783329964211174570e+02 -4.024456334990418327e+01 0.000000000000000000e+00
1.783372993379863374e+02 -4.018739227333460917e+01 0.000000000000000000e+00
1.783362157235251857e+02 -4.012910333835657894e+01 0.000000000000000000e+00
1.783723358830447694e+02 -4.008359009790099492e+01 0.000000000000000000e+00
1.784295723968002108e+02 -4.004532569408745957e+01 0.000000000000000000e+00
1.784844194775243977e+02 -4.000507796737140609e+01 0.000000000000000000e+00
1.785305017428141525e+02 -3.996076506641433213e+01 0.000000000000000000e+00
1.785510536443970864e+02 -3.990466289055373039e+01 0.000000000000000000e+00
1.785744229665615421e+02 -3.984967634668849712e+01 0.000000000000000000e+00
1.786212223302671873e+02 -3.980389852855118704e+01 0.000000000000000000e+00
1.786679603061115813e+02 -3.975810397052502765e+01 0.000000000000000000e+00
1.786978393518376720e+02 -3.970631500563421667e+01 0.000000000000000000e+00
1.787126141443381471e+02 -3.964915690403513793e+01 0.000000000000000000e+00
1.787377226543703443e+02 -3.959422895561981903e+01 0.000000000000000000e+00
1.787632787249447688e+02 -3.953940119025354960e+01 0.000000000000000000e+00
1.787791525486721582e+02 -3.948314478092200375e+01 0.000000000000000000e+00
1.787814660764167911e+02 -3.942488597539463058e+01 0.000000000000000000e+00
1.787783567138509682e+02 -3.936704587647663089e+01 0.000000000000000000e+00
1.787613051248347062e+02 -3.931028202718684383e+01 0.000000000000000000e+00
1.787442841814339545e+02 -3.925351404517878251e+01 0.000000000000000000e+00
1.787440236903122184e+02 -3.919555657488295708e+01 0.000000000000000000e+00
1.787475400436745474e+02 -3.913733085240384924e+01 0.000000000000000000e+00
1.788013693780186770e+02 -3.909727330590692418e+01 0.000000000000000000e+00
1.788560710162702492e+02 -3.905752978686722088e+01 0.000000000000000000e+00
1.789083753713736655e+02 -3.901643274300346320e+01 0.000000000000000000e+00
1.789402899073815547e+02 -3.896373742931486106e+01 0.000000000000000000e+00
1.789717086113158757e+02 -3.891094108416055519e+01 0.000000000000000000e+00
1.789777414953302070e+02 -3.885284816975459421e+01 0.000000000000000000e+00
1.789837681341410018e+02 -3.879475493234532024e+01 0.000000000000000000e+00
1.789914799966520889e+02 -3.873682955097491032e+01 0.000000000000000000e+00
1.790041782617274464e+02 -3.867940057581905933e+01 0.000000000000000000e+00
1.790168596451454448e+02 -3.862197072960579902e+01 0.000000000000000000e+00
1.790295242276356475e+02 -3.856454002116010571e+01 0.000000000000000000e+00
1.790542353933028039e+02 -3.850978548885393593e+01 0.000000000000000000e+00
1.790816805762621016e+02 -3.845564129777569917e+01 0.000000000000000000e+00
1.791129871798106876e+02 -3.840320875331507011e+01 0.000000000000000000e+00
1.791572605852951767e+02 -3.835649449332081673e+01 0.000000000000000000e+00
1.792014780641401046e+02 -3.830976608174825060e+01 0.000000000000000000e+00
1.792299971410249668e+02 -3.825821583308255924e+01 0.000000000000000000e+00
1.792376306497936866e+02 -3.820024888905933125e+01 0.000000000000000000e+00
1.792452250869938837e+02 -3.814227919139872114e+01 0.000000000000000000e+00
1.792523563197387944e+02 -3.808427305955918030e+01 0.000000000000000000e+00
1.792594801024128515e+02 -3.802626664259867084e+01 0.000000000000000000e+00
1.792967823397601421e+02 -3.797811772091330340e+01 0.000000000000000000e+00
1.793433794087060846e+02 -3.793300684719781657e+01 0.000000000000000000e+00
1.793942606934669186e+02 -3.789135456931145285e+01 0.000000000000000000e+00
1.794516435321835672e+02 -3.785492980309052058e+01 0.000000000000000000e+00
1.795075902988738790e+02 -3.781734439684596083e+01 0.000000000000000000e+00
1.795556538592046252e+02 -3.777329164393447769e+01 0.000000000000000000e+00
1.796142128949397545e+02 -3.774437338613529391e+01 0.000000000000000000e+00
1.796867253496722299e+02 -3.773549914462125088e+01 0.000000000000000000e+00
1.797592162361331134e+02 -3.772658119222585782e+01 0.000000000000000000e+00
1.798232410212248737e+02 -3.769905060759838022e+01 0.000000000000000000e+00
1.798781699953251234e+02 -3.766292632136145357e+01 0.000000000000000000e+00
1.799145896330558401e+02 -3.761238326963534462e+01 0.000000000000000000e+00
1.799509621361170275e+02 -3.756183180018627610e+01 0.000000000000000000e+00
1.772580455705268889e+02 -3.615939914256529875e+01 0.000000000000000000e+00
1.750866859184640418e+02 -3.818029130054763698e+01 0.000000000000000000e+00
1.735851092662460360e+02 -3.942759645750609820e+01 0.000000000000000000e+00
1.728078297421484137e+02 -4.020876485197774741e+01 0.000000000000000000e+00
1.719639957066320051e+02 -4.126265488201716636e+01 0.000000000000000000e+00
1.709229640398419008e+02 -4.250000000000000000e+01 0.000000000000000000e+00
