180.000000000000000 -37.486273055555557 -4.400186999999999898
179.991873055555573 -37.504746388888890 -4.424065999999999804
179.980792222222220 -37.520141111111109 -4.399487000000000080
179.867081666666706 -37.678123333333332 -4.000099999999999909
179.767224166666693 -37.725522222222224 -2.750099999999999909
179.582938888888890 -37.748115555555550 -3.124900000000000091
179.500303611111121 -37.823879722222223 -3.140777999999999793
179.371308888888905 -37.905792499999997 -2.192572000000000116
179.261079444444476 -38.012492500000008 -2.418112000000000080
179.244689722222233 -38.145888611111111 -3.090585000000000036
179.226639722222217 -38.282993055555558 -3.114708999999999833
179.102688333333361 -38.413915277777782 -3.249900000000000091
179.031803611111116 -38.553752499999995 -3.422713999999999942
178.988182777777780 -38.751286388888893 -3.780059000000000196
178.971518611111094 -38.911894444444449 -3.357869000000000142
178.905000555555546 -39.021799444444440 -2.749956000000000131
178.747519444444436 -39.136208888888888 -2.500099999999999909
178.741068333333317 -39.242998333333333 -3.709108999999999924
178.783047222222251 -39.382862777777774 -3.392387999999999920
178.778105277777769 -39.507309166666666 -3.166297999999999774
178.713189444444453 -39.646538333333332 -3.359809000000000196
178.689958333333323 -39.736378333333334 -3.576271000000000186
178.569270555555562 -39.854566666666663 -2.750041999999999916
178.525205555555573 -39.974913888888885 -2.892858999999999924
178.430794166666658 -40.044389444444441 -2.374398000000000138
178.335738333333325 -40.107901666666663 -2.624960999999999785
178.338156388888876 -40.237834166666673 -2.771389000000000124
178.260868888888893 -40.335920555555553 -2.809838000000000193
178.144382222222248 -40.429775277777779 -2.500032999999999902
178.155101944444425 -40.571132499999997 -2.811284000000000106
178.063268888888899 -40.793786111111110 -2.835628999999999905
177.912561666666676 -40.965655555555557 -2.750030000000000200
177.745570833333346 -41.148083333333339 -2.729356000000000222
177.521076388888901 -41.294325833333332 -2.906733999999999924
177.327649444444432 -41.390252500000003 -2.971063999999999851
177.115753888888889 -41.482078611111106 -2.989855000000000018
176.810622499999994 -41.603174444444448 -2.852547000000000025
176.535696388888908 -41.647271944444448 -2.761547999999999774
176.230009444444448 -41.793427500000000 -2.499943999999999960
175.901812777777764 -41.864063611111106 -2.581425999999999931
175.574109722222232 -41.964756111111114 -2.513902000000000044
175.065125277777781 -42.187413333333332 -2.543581000000000131
